rError = 0 0 0
nError = 0 0 0
-F.dot(n) = -310.418
(F-(n.dot(F))*n).norm() - mu*(F.dot(n)) = -56.8879
rError = 0 0 0
nError = 0 0 0
-F.dot(n) = -319.879
(F-(n.dot(F))*n).norm() - mu*(F.dot(n)) = -61.6183
F_sumError =            0            0 -1.13687e-13
Torque_sumError = 3.55271e-14 2.52435e-26           0
rError = 0 0 0
nError = 0 0 0
-F.dot(n) = -212.635
(F-(n.dot(F))*n).norm() - mu*(F.dot(n)) = -39.0851
rError = 0 0 0
nError = 0 0 0
-F.dot(n) = -178.471
(F-(n.dot(F))*n).norm() - mu*(F.dot(n)) = -15.4171
rError = 0 0 0
nError = 0 0 0
-F.dot(n) = -65
(F-(n.dot(F))*n).norm() - mu*(F.dot(n)) = -2.82473
rError = 0 0 0
nError = 0 0 0
-F.dot(n) = -174.192
(F-(n.dot(F))*n).norm() - mu*(F.dot(n)) = -71.0508
F_sumError = -8.88178e-15 -7.10543e-15            0
Torque_sumError = -1.77636e-14            0 -1.77636e-15
********************************* PLANNING STARTED *********************************
j = 0
+++++++++++++++++++++++++++++ EXPLOITATION +++++++++++++++++++++++++++++
iNear = 0
pk = 1
activeEEsNear.size() = 2
4
5
ADDING A CONTACT
activeEEsDes.size() = 3
EE(stance) =
 l_sole pos =           1            0            0   6.7375e-15
           0            1            0 -5.73791e-15
           0            0            1 -1.60427e-14
           0            0            0            1
EE(stance) =
 r_sole pos =          1           0           0 1.42946e-14
          0           1           0     -0.2063
          0           0           1 1.54321e-14
          0           0           0           1
EE(stance) =
 TCP_R pos =  -1    0    0  0.4
   0    1    0 -0.2
   0    0   -1    0
   0    0    0    1
EE inactive = TCP_L pos = 0.339309 0.0360674  0.306355
EE inactive = TCP_L rot = -0.599044   0.474618   0.644891
  0.304331   0.879909  -0.364888
 -0.740628 -0.0223237  -0.671545
EE active = TCP_R pos = 0.339317 -0.242387  0.306353
EE active = TCP_R rot =-0.598975 -0.474699  0.644895
-0.304474  0.879869  0.364866
-0.740624 0.0221923 -0.671553
EE active = l_sole pos =  6.7375e-15 -5.73791e-15 -1.60427e-14
EE active = l_sole rot =           1  1.97888e-14 -2.10945e-15
-1.97888e-14            1 -2.52208e-15
 1.97065e-15  2.52207e-15            1
EE active = r_sole pos =1.42946e-14     -0.2063 1.54321e-14
EE active = r_sole rot =           1  8.65256e-15  1.28647e-14
-8.65256e-15            1  -1.8683e-14
-1.30868e-14   1.8683e-14            1
--------------- GS SUCCESS ---------------
rError = 0 0 0
nError = 0 0 0
-F.dot(n) = -294.185
(F-(n.dot(F))*n).norm() - mu*(F.dot(n)) = -125.964
rError = 0 0 0
nError = 0 0 0
-F.dot(n) = -65.0002
(F-(n.dot(F))*n).norm() - mu*(F.dot(n)) = -0.307956
rError = 0 0 0
nError = 0 0 0
-F.dot(n) = -271.112
(F-(n.dot(F))*n).norm() - mu*(F.dot(n)) = -119.757
F_sumError = 1.77636e-15 1.77636e-15 1.13687e-13
Torque_sumError =  1.42109e-14            0 -8.88178e-16
--------------- CPL SUCCESS ---------------
EE(stance) =
 l_sole pos =           1            0            0   6.7375e-15
           0            1            0 -5.73791e-15
           0            0            1 -1.60427e-14
           0            0            0            1
EE(stance) =
 r_sole pos =          1           0           0 1.42946e-14
          0           1           0     -0.2063
          0           0           1 1.54321e-14
          0           0           0           1
EE(stance) =
 TCP_R pos =  -1    0    0  0.4
   0    1    0 -0.2
   0    0   -1    0
   0    0    0    1
EE inactive = com pos =0.0157949 -0.102843  0.666169
EE inactive = com rot =1 0 0
0 1 0
0 0 1
EE inactive = TCP_L pos = 0.339309 0.0360674  0.306355
EE inactive = TCP_L rot = -0.599044   0.474618   0.644891
  0.304331   0.879909  -0.364888
 -0.740628 -0.0223237  -0.671545
EE active = TCP_R pos = 0.339317 -0.242387  0.306353
EE active = TCP_R rot =-0.598975 -0.474699  0.644895
-0.304474  0.879869  0.364866
-0.740624 0.0221923 -0.671553
EE active = l_sole pos =  6.7375e-15 -5.73791e-15 -1.60427e-14
EE active = l_sole rot =           1  1.97888e-14 -2.10945e-15
-1.97888e-14            1 -2.52208e-15
 1.97065e-15  2.52207e-15            1
EE active = r_sole pos =1.42946e-14     -0.2063 1.54321e-14
EE active = r_sole rot =           1  8.65256e-15  1.28647e-14
-8.65256e-15            1  -1.8683e-14
-1.30868e-14   1.8683e-14            1
--------------- GS_COM SUCCESS ---------------
j = 0 qListVertex.size() = 1
VERTEX # = 1
L_HAND =  0.337971 0.0365309  0.308796
R_HAND =    0.399998        -0.2 3.57781e-06
L_FOOT = -3.19962e-06 -1.08227e-06  6.15301e-06
R_FOOT =  3.64139e-07    -0.206301 -7.47675e-06
j = 1
+++++++++++++++++++++++++++++ EXPLORATION +++++++++++++++++++++++++++++
iNear = 0
pk = 1
activeEEsNear.size() = 2
4
5
ADDING A CONTACT
activeEEsDes.size() = 3
EE(stance) =
 l_sole pos =           1            0            0   6.7375e-15
           0            1            0 -5.73791e-15
           0            0            1 -1.60427e-14
           0            0            0            1
EE(stance) =
 r_sole pos =          1           0           0 1.42946e-14
          0           1           0     -0.2063
          0           0           1 1.54321e-14
          0           0           0           1
EE(stance) =
 TCP_R pos =  -1    0    0  0.4
   0    1    0 -0.3
   0    0   -1    0
   0    0    0    1
EE inactive = TCP_L pos = 0.339309 0.0360674  0.306355
EE inactive = TCP_L rot = -0.599044   0.474618   0.644891
  0.304331   0.879909  -0.364888
 -0.740628 -0.0223237  -0.671545
EE active = TCP_R pos = 0.339317 -0.242387  0.306353
EE active = TCP_R rot =-0.598975 -0.474699  0.644895
-0.304474  0.879869  0.364866
-0.740624 0.0221923 -0.671553
EE active = l_sole pos =  6.7375e-15 -5.73791e-15 -1.60427e-14
EE active = l_sole rot =           1  1.97888e-14 -2.10945e-15
-1.97888e-14            1 -2.52208e-15
 1.97065e-15  2.52207e-15            1
EE active = r_sole pos =1.42946e-14     -0.2063 1.54321e-14
EE active = r_sole rot =           1  8.65256e-15  1.28647e-14
-8.65256e-15            1  -1.8683e-14
-1.30868e-14   1.8683e-14            1
--------------- GS SUCCESS ---------------
rError = 0 0 0
nError = 0 0 0
-F.dot(n) = -308.85
(F-(n.dot(F))*n).norm() - mu*(F.dot(n)) = -57.5847
rError = 0 0 0
nError = 0 0 0
-F.dot(n) = -65.0001
(F-(n.dot(F))*n).norm() - mu*(F.dot(n)) = -14.7543
rError = 0 0 0
nError = 0 0 0
-F.dot(n) = -256.448
(F-(n.dot(F))*n).norm() - mu*(F.dot(n)) = -14.121
F_sumError =           0           0 1.13687e-13
Torque_sumError = 7.10543e-15 2.66454e-15 4.44089e-16
--------------- CPL SUCCESS ---------------
EE(stance) =
 l_sole pos =           1            0            0   6.7375e-15
           0            1            0 -5.73791e-15
           0            0            1 -1.60427e-14
           0            0            0            1
EE(stance) =
 r_sole pos =          1           0           0 1.42946e-14
          0           1           0     -0.2063
          0           0           1 1.54321e-14
          0           0           0           1
EE(stance) =
 TCP_R pos =  -1    0    0  0.4
   0    1    0 -0.3
   0    0   -1    0
   0    0    0    1
EE inactive = com pos =0.0157949 -0.102843  0.666169
EE inactive = com rot =1 0 0
0 1 0
0 0 1
EE inactive = TCP_L pos = 0.339309 0.0360674  0.306355
EE inactive = TCP_L rot = -0.599044   0.474618   0.644891
  0.304331   0.879909  -0.364888
 -0.740628 -0.0223237  -0.671545
EE active = TCP_R pos = 0.339317 -0.242387  0.306353
EE active = TCP_R rot =-0.598975 -0.474699  0.644895
-0.304474  0.879869  0.364866
-0.740624 0.0221923 -0.671553
EE active = l_sole pos =  6.7375e-15 -5.73791e-15 -1.60427e-14
EE active = l_sole rot =           1  1.97888e-14 -2.10945e-15
-1.97888e-14            1 -2.52208e-15
 1.97065e-15  2.52207e-15            1
EE active = r_sole pos =1.42946e-14     -0.2063 1.54321e-14
EE active = r_sole rot =           1  8.65256e-15  1.28647e-14
-8.65256e-15            1  -1.8683e-14
-1.30868e-14   1.8683e-14            1
--------------- GS_COM SUCCESS ---------------
j = 1 qListVertex.size() = 1
VERTEX # = 2
L_HAND =  0.338147 0.0365906  0.308797
R_HAND =    0.399997   -0.299999 4.01029e-06
L_FOOT = -2.46147e-06 -2.88324e-07  2.77281e-06
R_FOOT = -6.39416e-07      -0.2063 -4.78388e-06
j = 2
+++++++++++++++++++++++++++++ EXPLOITATION +++++++++++++++++++++++++++++
iNear = 0
pk = 1
activeEEsNear.size() = 2
4
5
ADDING A CONTACT
activeEEsDes.size() = 3
j = 3
+++++++++++++++++++++++++++++ EXPLOITATION +++++++++++++++++++++++++++++
iNear = 1
pk = 0
activeEEsNear.size() = 3
4
5
1
ADDING A CONTACT
activeEEsDes.size() = 4
EE(stance) =
 l_sole pos =           1            0            0   6.7375e-15
           0            1            0 -5.73791e-15
           0            0            1 -1.60427e-14
           0            0            0            1
EE(stance) =
 r_sole pos =          1           0           0 1.42946e-14
          0           1           0     -0.2063
          0           0           1 1.54321e-14
          0           0           0           1
EE(stance) =
 TCP_R pos =  -1    0    0  0.4
   0    1    0 -0.2
   0    0   -1    0
   0    0    0    1
EE(stance) =
 TCP_L pos = -1   0   0 0.4
  0   1   0   0
  0   0  -1   0
  0   0   0   1
EE active = TCP_L pos = 0.337971 0.0365309  0.308796
EE active = TCP_L rot = -0.679184   0.341871   0.649487
  0.186766    0.93627  -0.297519
 -0.709808 -0.0807678   -0.69975
EE active = TCP_R pos =   0.399998        -0.2 3.57781e-06
EE active = TCP_R rot =  -0.999998 0.000250367  0.00175988
0.000250404           1 2.09812e-05
-0.00175988 2.14218e-05   -0.999998
EE active = l_sole pos =-3.19962e-06 -1.08227e-06  6.15301e-06
EE active = l_sole rot =           1  2.10327e-07 -1.04084e-06
-2.10327e-07            1 -2.12273e-07
 1.04084e-06  2.12274e-07            1
EE active = r_sole pos = 3.64139e-07    -0.206301 -7.47675e-06
EE active = r_sole rot =           1  2.70149e-07 -5.28759e-07
-2.70149e-07            1  -2.2161e-07
 5.28759e-07  2.21611e-07            1
--------------- GS SUCCESS ---------------
rError = 0 0 0
nError = 0 0 0
-F.dot(n) = -65
(F-(n.dot(F))*n).norm() - mu*(F.dot(n)) = -5.9256
rError = 0 0 0
nError = 0 0 0
-F.dot(n) = -65
(F-(n.dot(F))*n).norm() - mu*(F.dot(n)) = -8.63576
rError = 0 0 0
nError = 0 0 0
-F.dot(n) = -250.278
(F-(n.dot(F))*n).norm() - mu*(F.dot(n)) = -44.9079
rError = 0 0 0
nError = 0 0 0
-F.dot(n) = -250.02
(F-(n.dot(F))*n).norm() - mu*(F.dot(n)) = -31.4234
F_sumError =  1.42109e-14 -7.10543e-15 -1.13687e-13
Torque_sumError = -7.10543e-15 -7.10543e-15 -1.77636e-15
--------------- CPL SUCCESS ---------------
EE(stance) =
 l_sole pos =           1            0            0   6.7375e-15
           0            1            0 -5.73791e-15
           0            0            1 -1.60427e-14
           0            0            0            1
EE(stance) =
 r_sole pos =          1           0           0 1.42946e-14
          0           1           0     -0.2063
          0           0           1 1.54321e-14
          0           0           0           1
EE(stance) =
 TCP_R pos =  -1    0    0  0.4
   0    1    0 -0.2
   0    0   -1    0
   0    0    0    1
EE(stance) =
 TCP_L pos = -1   0   0 0.4
  0   1   0   0
  0   0  -1   0
  0   0   0   1
EE inactive = com pos = 0.0830292 -0.0803752   0.619716
EE inactive = com rot =1 0 0
0 1 0
0 0 1
EE active = TCP_L pos = 0.337971 0.0365309  0.308796
EE active = TCP_L rot = -0.679184   0.341871   0.649487
  0.186766    0.93627  -0.297519
 -0.709808 -0.0807678   -0.69975
EE active = TCP_R pos =   0.399998        -0.2 3.57781e-06
EE active = TCP_R rot =  -0.999998 0.000250367  0.00175988
0.000250404           1 2.09812e-05
-0.00175988 2.14218e-05   -0.999998
EE active = l_sole pos =-3.19962e-06 -1.08227e-06  6.15301e-06
EE active = l_sole rot =           1  2.10327e-07 -1.04084e-06
-2.10327e-07            1 -2.12273e-07
 1.04084e-06  2.12274e-07            1
EE active = r_sole pos = 3.64139e-07    -0.206301 -7.47675e-06
EE active = r_sole rot =           1  2.70149e-07 -5.28759e-07
-2.70149e-07            1  -2.2161e-07
 5.28759e-07  2.21611e-07            1
--------------- GS_COM SUCCESS ---------------
j = 3 qListVertex.size() = 1
VERTEX # = 3
L_HAND =    0.399999 6.22295e-07 2.36096e-06
R_HAND =    0.399999        -0.2 2.51201e-06
L_FOOT = -1.18401e-07   5.9909e-07 -1.99883e-06
R_FOOT = -1.78134e-06    -0.206299  3.18657e-06
j = 4
+++++++++++++++++++++++++++++ EXPLOITATION +++++++++++++++++++++++++++++
iNear = -1
pk = 5
j = 5
+++++++++++++++++++++++++++++ EXPLORATION +++++++++++++++++++++++++++++
iNear = 0
pk = 1
activeEEsNear.size() = 2
4
5
ADDING A CONTACT
activeEEsDes.size() = 3
EE(stance) =
 l_sole pos =           1            0            0   6.7375e-15
           0            1            0 -5.73791e-15
           0            0            1 -1.60427e-14
           0            0            0            1
EE(stance) =
 r_sole pos =          1           0           0 1.42946e-14
          0           1           0     -0.2063
          0           0           1 1.54321e-14
          0           0           0           1
EE(stance) =
 TCP_R pos =  -1    0    0  0.3
   0    1    0 -0.3
   0    0   -1    0
   0    0    0    1
EE inactive = TCP_L pos = 0.339309 0.0360674  0.306355
EE inactive = TCP_L rot = -0.599044   0.474618   0.644891
  0.304331   0.879909  -0.364888
 -0.740628 -0.0223237  -0.671545
EE active = TCP_R pos = 0.339317 -0.242387  0.306353
EE active = TCP_R rot =-0.598975 -0.474699  0.644895
-0.304474  0.879869  0.364866
-0.740624 0.0221923 -0.671553
EE active = l_sole pos =  6.7375e-15 -5.73791e-15 -1.60427e-14
EE active = l_sole rot =           1  1.97888e-14 -2.10945e-15
-1.97888e-14            1 -2.52208e-15
 1.97065e-15  2.52207e-15            1
EE active = r_sole pos =1.42946e-14     -0.2063 1.54321e-14
EE active = r_sole rot =           1  8.65256e-15  1.28647e-14
-8.65256e-15            1  -1.8683e-14
-1.30868e-14   1.8683e-14            1
--------------- GS SUCCESS ---------------
rError = 0 0 0
nError = 0 0 0
-F.dot(n) = -315.05
(F-(n.dot(F))*n).norm() - mu*(F.dot(n)) = -120.498
rError = 0 0 0
nError = 0 0 0
-F.dot(n) = -65
(F-(n.dot(F))*n).norm() - mu*(F.dot(n)) = -1.96481
rError = 0 0 0
nError = 0 0 0
-F.dot(n) = -250.248
(F-(n.dot(F))*n).norm() - mu*(F.dot(n)) = -101.026
F_sumError = 2.66454e-15           0 1.13687e-13
Torque_sumError =            0            0 -8.88178e-16
--------------- CPL SUCCESS ---------------
EE(stance) =
 l_sole pos =           1            0            0   6.7375e-15
           0            1            0 -5.73791e-15
           0            0            1 -1.60427e-14
           0            0            0            1
EE(stance) =
 r_sole pos =          1           0           0 1.42946e-14
          0           1           0     -0.2063
          0           0           1 1.54321e-14
          0           0           0           1
EE(stance) =
 TCP_R pos =  -1    0    0  0.3
   0    1    0 -0.3
   0    0   -1    0
   0    0    0    1
EE inactive = com pos =0.0157949 -0.102843  0.666169
EE inactive = com rot =1 0 0
0 1 0
0 0 1
EE inactive = TCP_L pos = 0.339309 0.0360674  0.306355
EE inactive = TCP_L rot = -0.599044   0.474618   0.644891
  0.304331   0.879909  -0.364888
 -0.740628 -0.0223237  -0.671545
EE active = TCP_R pos = 0.339317 -0.242387  0.306353
EE active = TCP_R rot =-0.598975 -0.474699  0.644895
-0.304474  0.879869  0.364866
-0.740624 0.0221923 -0.671553
EE active = l_sole pos =  6.7375e-15 -5.73791e-15 -1.60427e-14
EE active = l_sole rot =           1  1.97888e-14 -2.10945e-15
-1.97888e-14            1 -2.52208e-15
 1.97065e-15  2.52207e-15            1
EE active = r_sole pos =1.42946e-14     -0.2063 1.54321e-14
EE active = r_sole rot =           1  8.65256e-15  1.28647e-14
-8.65256e-15            1  -1.8683e-14
-1.30868e-14   1.8683e-14            1
--------------- GS_COM SUCCESS ---------------
j = 5 qListVertex.size() = 1
VERTEX # = 4
L_HAND =  0.338402 0.0364292  0.308397
R_HAND =    0.299998   -0.299999 2.56026e-06
L_FOOT = -1.79175e-06 -2.09106e-07  2.69618e-06
R_FOOT = -2.45106e-07      -0.2063 -2.82597e-06
j = 6
+++++++++++++++++++++++++++++ EXPLOITATION +++++++++++++++++++++++++++++
iNear = -1
pk = 4
j = 7
+++++++++++++++++++++++++++++ EXPLORATION +++++++++++++++++++++++++++++
iNear = 0
pk = 1
activeEEsNear.size() = 2
4
5
ADDING A CONTACT
activeEEsDes.size() = 3
j = 8
+++++++++++++++++++++++++++++ EXPLOITATION +++++++++++++++++++++++++++++
iNear = -1
pk = 4
j = 9
+++++++++++++++++++++++++++++ EXPLOITATION +++++++++++++++++++++++++++++
iNear = -1
pk = 4
j = 10
+++++++++++++++++++++++++++++ EXPLOITATION +++++++++++++++++++++++++++++
iNear = 3
pk = 0
activeEEsNear.size() = 4
4
5
1
0
REMOVING A CONTACT
activeEEsDes.size() = 3
j = 11
+++++++++++++++++++++++++++++ EXPLOITATION +++++++++++++++++++++++++++++
iNear = 3
pk = 1
activeEEsNear.size() = 4
4
5
1
0
REMOVING A CONTACT
activeEEsDes.size() = 3
EE(stance) =
 l_sole pos =           1            0            0   6.7375e-15
           0            1            0 -5.73791e-15
           0            0            1 -1.60427e-14
           0            0            0            1
EE(stance) =
 r_sole pos =          1           0           0 1.42946e-14
          0           1           0     -0.2063
          0           0           1 1.54321e-14
          0           0           0           1
EE(stance) =
 TCP_L pos = -1   0   0 0.4
  0   1   0   0
  0   0  -1   0
  0   0   0   1
EE active = TCP_L pos =   0.399999 6.22295e-07 2.36096e-06
EE active = TCP_L rot =          -1 -9.78312e-05  0.000788019
-9.80066e-05            1 -0.000222475
-0.000787998 -0.000222552           -1
EE inactive = TCP_R pos =   0.399999        -0.2 2.51201e-06
EE inactive = TCP_R rot =          -1  0.000186721  0.000958219
 0.000185942            1 -0.000813626
 -0.00095837 -0.000813447    -0.999999
EE active = l_sole pos =-1.18401e-07   5.9909e-07 -1.99883e-06
EE active = l_sole rot =           1  9.38627e-09 -2.96641e-07
-9.38624e-09            1  1.03386e-07
 2.96641e-07 -1.03386e-07            1
EE active = r_sole pos =-1.78134e-06    -0.206299  3.18657e-06
EE active = r_sole rot =           1  2.22131e-08 -5.21939e-07
-2.22131e-08            1  9.18314e-08
 5.21939e-07 -9.18314e-08            1
--------------- GS SUCCESS ---------------
rError = 0 0 0
nError = 0 0 0
-F.dot(n) = -66.0413
(F-(n.dot(F))*n).norm() - mu*(F.dot(n)) = -0.0166967
rError = 0 0 0
nError = 0 0 0
-F.dot(n) = -164.767
(F-(n.dot(F))*n).norm() - mu*(F.dot(n)) = -75.2609
rError = 0 0 0
nError = 0 0 0
-F.dot(n) = -399.49
(F-(n.dot(F))*n).norm() - mu*(F.dot(n)) = -173.67
F_sumError = 0 0 0
Torque_sumError =            0 -4.26326e-14 -4.44089e-16
--------------- CPL SUCCESS ---------------
EE(stance) =
 l_sole pos =           1            0            0   6.7375e-15
           0            1            0 -5.73791e-15
           0            0            1 -1.60427e-14
           0            0            0            1
EE(stance) =
 r_sole pos =          1           0           0 1.42946e-14
          0           1           0     -0.2063
          0           0           1 1.54321e-14
          0           0           0           1
EE(stance) =
 TCP_L pos = -1   0   0 0.4
  0   1   0   0
  0   0  -1   0
  0   0   0   1
EE inactive = com pos = 0.128872 -0.101341  0.559339
EE inactive = com rot =1 0 0
0 1 0
0 0 1
EE active = TCP_L pos =   0.399999 6.22295e-07 2.36096e-06
EE active = TCP_L rot =          -1 -9.78312e-05  0.000788019
-9.80066e-05            1 -0.000222475
-0.000787998 -0.000222552           -1
EE inactive = TCP_R pos =   0.399999        -0.2 2.51201e-06
EE inactive = TCP_R rot =          -1  0.000186721  0.000958219
 0.000185942            1 -0.000813626
 -0.00095837 -0.000813447    -0.999999
EE active = l_sole pos =-1.18401e-07   5.9909e-07 -1.99883e-06
EE active = l_sole rot =           1  9.38627e-09 -2.96641e-07
-9.38624e-09            1  1.03386e-07
 2.96641e-07 -1.03386e-07            1
EE active = r_sole pos =-1.78134e-06    -0.206299  3.18657e-06
EE active = r_sole rot =           1  2.22131e-08 -5.21939e-07
-2.22131e-08            1  9.18314e-08
 5.21939e-07 -9.18314e-08            1
--------------- GS_COM SUCCESS ---------------
j = 11 qListVertex.size() = 1
VERTEX # = 5
L_HAND =          0.4 -5.45177e-10  7.47265e-10
R_HAND =    0.399998        -0.2 3.96871e-06
L_FOOT =  1.66473e-09  1.68209e-09 -1.09755e-08
R_FOOT = -4.36981e-09      -0.2063  7.79357e-09
j = 12
+++++++++++++++++++++++++++++ EXPLOITATION +++++++++++++++++++++++++++++
iNear = 1
pk = 0
activeEEsNear.size() = 3
4
5
1
ADDING A CONTACT
activeEEsDes.size() = 4
j = 13
+++++++++++++++++++++++++++++ EXPLORATION +++++++++++++++++++++++++++++
iNear = 5
pk = 1
activeEEsNear.size() = 3
4
5
0
ADDING A CONTACT
activeEEsDes.size() = 4
EE(stance) =
 l_sole pos =           1            0            0   6.7375e-15
           0            1            0 -5.73791e-15
           0            0            1 -1.60427e-14
           0            0            0            1
EE(stance) =
 r_sole pos =          1           0           0 1.42946e-14
          0           1           0     -0.2063
          0           0           1 1.54321e-14
          0           0           0           1
EE(stance) =
 TCP_L pos = -1   0   0 0.4
  0   1   0   0
  0   0  -1   0
  0   0   0   1
EE(stance) =
 TCP_R pos =  -1    0    0  0.1
   0    1    0 -0.2
   0    0   -1    0
   0    0    0    1
EE active = TCP_L pos =         0.4 -5.45177e-10  7.47265e-10
EE active = TCP_L rot =          -1 -7.77828e-07  3.71528e-06
-7.77822e-07            1  1.61955e-06
-3.71528e-06  1.61954e-06           -1
EE active = TCP_R pos =   0.399998        -0.2 3.96871e-06
EE active = TCP_R rot =          -1  0.000229801  0.000858339
 0.000229169            1 -0.000736446
-0.000858508 -0.000736249    -0.999999
EE active = l_sole pos = 1.66473e-09  1.68209e-09 -1.09755e-08
EE active = l_sole rot =           1  5.37735e-12 -7.62512e-10
-5.37735e-12            1  3.08678e-10
 7.62512e-10 -3.08678e-10            1
EE active = r_sole pos =-4.36981e-09      -0.2063  7.79357e-09
EE active = r_sole rot =           1  2.32724e-11 -1.58585e-09
-2.32724e-11            1  2.91003e-10
 1.58585e-09 -2.91003e-10            1
--------------- GS FAIL ---------------
j = 13 qListVertex.size() = 0
j = 14
+++++++++++++++++++++++++++++ EXPLOITATION +++++++++++++++++++++++++++++
iNear = -1
pk = 5
j = 15
+++++++++++++++++++++++++++++ EXPLORATION +++++++++++++++++++++++++++++
iNear = 0
pk = 0
activeEEsNear.size() = 2
4
5
ADDING A CONTACT
activeEEsDes.size() = 3
j = 16
+++++++++++++++++++++++++++++ EXPLORATION +++++++++++++++++++++++++++++
iNear = 0
pk = 1
activeEEsNear.size() = 2
4
5
ADDING A CONTACT
activeEEsDes.size() = 3
j = 17
+++++++++++++++++++++++++++++ EXPLOITATION +++++++++++++++++++++++++++++
iNear = -1
pk = 4
j = 18
+++++++++++++++++++++++++++++ EXPLORATION +++++++++++++++++++++++++++++
iNear = 4
pk = 0
activeEEsNear.size() = 3
4
5
1
ADDING A CONTACT
activeEEsDes.size() = 4
EE(stance) =
 l_sole pos =           1            0            0   6.7375e-15
           0            1            0 -5.73791e-15
           0            0            1 -1.60427e-14
           0            0            0            1
EE(stance) =
 r_sole pos =          1           0           0 1.42946e-14
          0           1           0     -0.2063
          0           0           1 1.54321e-14
          0           0           0           1
EE(stance) =
 TCP_R pos =  -1    0    0  0.3
   0    1    0 -0.3
   0    0   -1    0
   0    0    0    1
EE(stance) =
 TCP_L pos = -1   0   0 0.4
  0   1   0   0
  0   0  -1   0
  0   0   0   1
EE active = TCP_L pos = 0.338402 0.0364292  0.308397
EE active = TCP_L rot = -0.661604   0.446284   0.602587
   0.30978   0.894496  -0.322356
 -0.682874 -0.0266019  -0.730052
EE active = TCP_R pos =   0.299998   -0.299999 2.56026e-06
EE active = TCP_R rot =  -0.999999 0.000207265   0.0014956
0.000205676    0.999999 -0.00106248
-0.00149582 -0.00106217   -0.999998
EE active = l_sole pos =-1.79175e-06 -2.09106e-07  2.69618e-06
EE active = l_sole rot =           1  6.43913e-08 -6.83849e-07
-6.43913e-08            1 -4.31026e-08
 6.83849e-07  4.31027e-08            1
EE active = r_sole pos =-2.45106e-07      -0.2063 -2.82597e-06
EE active = r_sole rot =           1  1.15367e-07   -4.776e-07
-1.15367e-07            1 -6.77808e-08
   4.776e-07  6.77808e-08            1
--------------- GS SUCCESS ---------------
rError = 0 0 0
nError = 0 0 0
-F.dot(n) = -71.8862
(F-(n.dot(F))*n).norm() - mu*(F.dot(n)) = -32.4027
rError = 0 0 0
nError = 0 0 0
-F.dot(n) = -77.557
(F-(n.dot(F))*n).norm() - mu*(F.dot(n)) = -22.9774
rError = 0 0 0
nError = 0 0 0
-F.dot(n) = -334.821
(F-(n.dot(F))*n).norm() - mu*(F.dot(n)) = -151.878
rError = 0 0 0
nError = 0 0 0
-F.dot(n) = -146.034
(F-(n.dot(F))*n).norm() - mu*(F.dot(n)) = -69.2372
F_sumError =  4.44089e-16            0 -1.13687e-13
Torque_sumError = -7.10543e-15  1.42109e-14  1.11022e-16
--------------- CPL SUCCESS ---------------
EE(stance) =
 l_sole pos =           1            0            0   6.7375e-15
           0            1            0 -5.73791e-15
           0            0            1 -1.60427e-14
           0            0            0            1
EE(stance) =
 r_sole pos =          1           0           0 1.42946e-14
          0           1           0     -0.2063
          0           0           1 1.54321e-14
          0           0           0           1
EE(stance) =
 TCP_R pos =  -1    0    0  0.3
   0    1    0 -0.3
   0    0   -1    0
   0    0    0    1
EE(stance) =
 TCP_L pos = -1   0   0 0.4
  0   1   0   0
  0   0  -1   0
  0   0   0   1
EE inactive = com pos =0.0636577 -0.105895  0.621839
EE inactive = com rot =1 0 0
0 1 0
0 0 1
EE active = TCP_L pos = 0.338402 0.0364292  0.308397
EE active = TCP_L rot = -0.661604   0.446284   0.602587
   0.30978   0.894496  -0.322356
 -0.682874 -0.0266019  -0.730052
EE active = TCP_R pos =   0.299998   -0.299999 2.56026e-06
EE active = TCP_R rot =  -0.999999 0.000207265   0.0014956
0.000205676    0.999999 -0.00106248
-0.00149582 -0.00106217   -0.999998
EE active = l_sole pos =-1.79175e-06 -2.09106e-07  2.69618e-06
EE active = l_sole rot =           1  6.43913e-08 -6.83849e-07
-6.43913e-08            1 -4.31026e-08
 6.83849e-07  4.31027e-08            1
EE active = r_sole pos =-2.45106e-07      -0.2063 -2.82597e-06
EE active = r_sole rot =           1  1.15367e-07   -4.776e-07
-1.15367e-07            1 -6.77808e-08
   4.776e-07  6.77808e-08            1
--------------- GS_COM SUCCESS ---------------
j = 18 qListVertex.size() = 1
VERTEX # = 6
L_HAND =    0.399999 1.68352e-06 2.19695e-06
R_HAND =    0.299996        -0.3 3.24575e-06
L_FOOT = -1.44338e-06  4.61169e-07  -1.0798e-07
R_FOOT = -1.42153e-06      -0.2063 -2.00612e-07
j = 19
+++++++++++++++++++++++++++++ EXPLOITATION +++++++++++++++++++++++++++++
iNear = 2
pk = 0
activeEEsNear.size() = 3
4
5
1
ADDING A CONTACT
activeEEsDes.size() = 4
EE(stance) =
 l_sole pos =           1            0            0   6.7375e-15
           0            1            0 -5.73791e-15
           0            0            1 -1.60427e-14
           0            0            0            1
EE(stance) =
 r_sole pos =          1           0           0 1.42946e-14
          0           1           0     -0.2063
          0           0           1 1.54321e-14
          0           0           0           1
EE(stance) =
 TCP_R pos =  -1    0    0  0.4
   0    1    0 -0.3
   0    0   -1    0
   0    0    0    1
EE(stance) =
 TCP_L pos = -1   0   0 0.4
  0   1   0   0
  0   0  -1   0
  0   0   0   1
EE active = TCP_L pos = 0.338147 0.0365906  0.308797
EE active = TCP_L rot = -0.684121   0.426917   0.591371
  0.297253   0.903604  -0.308448
 -0.666047 -0.0352287  -0.745077
EE active = TCP_R pos =   0.399997   -0.299999 4.01029e-06
EE active = TCP_R rot =  -0.999998 0.000353589  0.00211659
0.000350535    0.999999 -0.00144284
-0.00211709  -0.0014421   -0.999997
EE active = l_sole pos =-2.46147e-06 -2.88324e-07  2.77281e-06
EE active = l_sole rot =           1  9.26759e-08  -9.9734e-07
 -9.2676e-08            1 -6.07821e-08
  9.9734e-07  6.07822e-08            1
EE active = r_sole pos =-6.39416e-07      -0.2063 -4.78388e-06
EE active = r_sole rot =           1  1.67952e-07 -7.48768e-07
-1.67952e-07            1 -7.85792e-08
 7.48768e-07  7.85793e-08            1
--------------- GS SUCCESS ---------------
rError = 0 0 0
nError = 0 0 0
-F.dot(n) = -88.2414
(F-(n.dot(F))*n).norm() - mu*(F.dot(n)) = -37.5946
rError = 0 0 0
nError = 0 0 0
-F.dot(n) = -71.3055
(F-(n.dot(F))*n).norm() - mu*(F.dot(n)) = -23.2957
rError = 0 0 0
nError = 0 0 0
-F.dot(n) = -336.062
(F-(n.dot(F))*n).norm() - mu*(F.dot(n)) = -167.529
rError = 0 0 0
nError = 0 0 0
-F.dot(n) = -134.689
(F-(n.dot(F))*n).norm() - mu*(F.dot(n)) = -60.5638
F_sumError =  8.88178e-16 -8.88178e-16 -1.13687e-13
Torque_sumError = 7.10543e-15 1.77636e-14 4.02456e-16
--------------- CPL SUCCESS ---------------
EE(stance) =
 l_sole pos =           1            0            0   6.7375e-15
           0            1            0 -5.73791e-15
           0            0            1 -1.60427e-14
           0            0            0            1
EE(stance) =
 r_sole pos =          1           0           0 1.42946e-14
          0           1           0     -0.2063
          0           0           1 1.54321e-14
          0           0           0           1
EE(stance) =
 TCP_R pos =  -1    0    0  0.4
   0    1    0 -0.3
   0    0   -1    0
   0    0    0    1
EE(stance) =
 TCP_L pos = -1   0   0 0.4
  0   1   0   0
  0   0  -1   0
  0   0   0   1
EE inactive = com pos =0.0885704 -0.109629  0.622334
EE inactive = com rot =1 0 0
0 1 0
0 0 1
EE active = TCP_L pos = 0.338147 0.0365906  0.308797
EE active = TCP_L rot = -0.684121   0.426917   0.591371
  0.297253   0.903604  -0.308448
 -0.666047 -0.0352287  -0.745077
EE active = TCP_R pos =   0.399997   -0.299999 4.01029e-06
EE active = TCP_R rot =  -0.999998 0.000353589  0.00211659
0.000350535    0.999999 -0.00144284
-0.00211709  -0.0014421   -0.999997
EE active = l_sole pos =-2.46147e-06 -2.88324e-07  2.77281e-06
EE active = l_sole rot =           1  9.26759e-08  -9.9734e-07
 -9.2676e-08            1 -6.07821e-08
  9.9734e-07  6.07822e-08            1
EE active = r_sole pos =-6.39416e-07      -0.2063 -4.78388e-06
EE active = r_sole rot =           1  1.67952e-07 -7.48768e-07
-1.67952e-07            1 -7.85792e-08
 7.48768e-07  7.85793e-08            1
--------------- GS_COM SUCCESS ---------------
j = 19 qListVertex.size() = 1
VERTEX # = 7
L_HAND =    0.399999 1.81283e-06 2.02787e-06
R_HAND =    0.399997        -0.3 3.35217e-06
L_FOOT = -1.30481e-06  5.06635e-07 -1.98262e-07
R_FOOT = -1.35767e-06      -0.2063  1.09927e-07
j = 20
+++++++++++++++++++++++++++++ EXPLOITATION +++++++++++++++++++++++++++++
iNear = -1
pk = 4
j = 21
+++++++++++++++++++++++++++++ EXPLOITATION +++++++++++++++++++++++++++++
iNear = 3
pk = 0
activeEEsNear.size() = 4
4
5
1
0
REMOVING A CONTACT
activeEEsDes.size() = 3
j = 22
+++++++++++++++++++++++++++++ EXPLORATION +++++++++++++++++++++++++++++
iNear = 3
pk = 1
activeEEsNear.size() = 4
4
5
1
0
REMOVING A CONTACT
activeEEsDes.size() = 3
j = 23
+++++++++++++++++++++++++++++ EXPLOITATION +++++++++++++++++++++++++++++
iNear = -1
pk = 5
j = 24
+++++++++++++++++++++++++++++ EXPLOITATION +++++++++++++++++++++++++++++
iNear = 0
pk = 0
activeEEsNear.size() = 2
4
5
ADDING A CONTACT
activeEEsDes.size() = 3
EE(stance) =
 l_sole pos =           1            0            0   6.7375e-15
           0            1            0 -5.73791e-15
           0            0            1 -1.60427e-14
           0            0            0            1
EE(stance) =
 r_sole pos =          1           0           0 1.42946e-14
          0           1           0     -0.2063
          0           0           1 1.54321e-14
          0           0           0           1
EE(stance) =
 TCP_L pos = -1   0   0 0.4
  0   1   0 0.1
  0   0  -1   0
  0   0   0   1
EE active = TCP_L pos = 0.339309 0.0360674  0.306355
EE active = TCP_L rot = -0.599044   0.474618   0.644891
  0.304331   0.879909  -0.364888
 -0.740628 -0.0223237  -0.671545
EE inactive = TCP_R pos = 0.339317 -0.242387  0.306353
EE inactive = TCP_R rot =-0.598975 -0.474699  0.644895
-0.304474  0.879869  0.364866
-0.740624 0.0221923 -0.671553
EE active = l_sole pos =  6.7375e-15 -5.73791e-15 -1.60427e-14
EE active = l_sole rot =           1  1.97888e-14 -2.10945e-15
-1.97888e-14            1 -2.52208e-15
 1.97065e-15  2.52207e-15            1
EE active = r_sole pos =1.42946e-14     -0.2063 1.54321e-14
EE active = r_sole rot =           1  8.65256e-15  1.28647e-14
-8.65256e-15            1  -1.8683e-14
-1.30868e-14   1.8683e-14            1
--------------- GS FAIL ---------------
j = 24 qListVertex.size() = 0
j = 25
+++++++++++++++++++++++++++++ EXPLOITATION +++++++++++++++++++++++++++++
iNear = -1
pk = 4
j = 26
+++++++++++++++++++++++++++++ EXPLORATION +++++++++++++++++++++++++++++
iNear = 6
pk = 1
activeEEsNear.size() = 4
4
5
1
0
REMOVING A CONTACT
activeEEsDes.size() = 3
j = 27
+++++++++++++++++++++++++++++ EXPLOITATION +++++++++++++++++++++++++++++
iNear = -1
pk = 5
j = 28
+++++++++++++++++++++++++++++ EXPLOITATION +++++++++++++++++++++++++++++
iNear = 7
pk = 0
activeEEsNear.size() = 4
4
5
1
0
REMOVING A CONTACT
activeEEsDes.size() = 3
j = 29
+++++++++++++++++++++++++++++ EXPLORATION +++++++++++++++++++++++++++++
iNear = 0
pk = 1
activeEEsNear.size() = 2
4
5
ADDING A CONTACT
activeEEsDes.size() = 3
j = 30
+++++++++++++++++++++++++++++ EXPLORATION +++++++++++++++++++++++++++++
iNear = 3
pk = 0
activeEEsNear.size() = 4
4
5
1
0
REMOVING A CONTACT
activeEEsDes.size() = 3
j = 31
+++++++++++++++++++++++++++++ EXPLOITATION +++++++++++++++++++++++++++++
iNear = 4
pk = 0
activeEEsNear.size() = 3
4
5
1
ADDING A CONTACT
activeEEsDes.size() = 4
j = 32
+++++++++++++++++++++++++++++ EXPLORATION +++++++++++++++++++++++++++++
iNear = 6
pk = 1
activeEEsNear.size() = 4
4
5
1
0
REMOVING A CONTACT
activeEEsDes.size() = 3
j = 33
+++++++++++++++++++++++++++++ EXPLOITATION +++++++++++++++++++++++++++++
iNear = 2
pk = 0
activeEEsNear.size() = 3
4
5
1
ADDING A CONTACT
activeEEsDes.size() = 4
j = 34
+++++++++++++++++++++++++++++ EXPLOITATION +++++++++++++++++++++++++++++
iNear = 3
pk = 1
activeEEsNear.size() = 4
4
5
1
0
REMOVING A CONTACT
activeEEsDes.size() = 3
j = 35
+++++++++++++++++++++++++++++ EXPLORATION +++++++++++++++++++++++++++++
iNear = 3
pk = 1
activeEEsNear.size() = 4
4
5
1
0
REMOVING A CONTACT
activeEEsDes.size() = 3
j = 36
+++++++++++++++++++++++++++++ EXPLOITATION +++++++++++++++++++++++++++++
iNear = -1
pk = 5
j = 37
+++++++++++++++++++++++++++++ EXPLORATION +++++++++++++++++++++++++++++
iNear = 7
pk = 0
activeEEsNear.size() = 4
4
5
1
0
REMOVING A CONTACT
activeEEsDes.size() = 3
j = 38
+++++++++++++++++++++++++++++ EXPLOITATION +++++++++++++++++++++++++++++
iNear = -1
pk = 4
j = 39
+++++++++++++++++++++++++++++ EXPLOITATION +++++++++++++++++++++++++++++
iNear = 0
pk = 1
activeEEsNear.size() = 2
4
5
ADDING A CONTACT
activeEEsDes.size() = 3
j = 40
+++++++++++++++++++++++++++++ EXPLORATION +++++++++++++++++++++++++++++
iNear = 6
pk = 1
activeEEsNear.size() = 4
4
5
1
0
REMOVING A CONTACT
activeEEsDes.size() = 3
j = 41
+++++++++++++++++++++++++++++ EXPLORATION +++++++++++++++++++++++++++++
iNear = 3
pk = 1
activeEEsNear.size() = 4
4
5
1
0
REMOVING A CONTACT
activeEEsDes.size() = 3
j = 42
+++++++++++++++++++++++++++++ EXPLOITATION +++++++++++++++++++++++++++++
iNear = 6
pk = 0
activeEEsNear.size() = 4
4
5
1
0
REMOVING A CONTACT
activeEEsDes.size() = 3
j = 43
+++++++++++++++++++++++++++++ EXPLORATION +++++++++++++++++++++++++++++
iNear = 6
pk = 1
activeEEsNear.size() = 4
4
5
1
0
REMOVING A CONTACT
activeEEsDes.size() = 3
j = 44
+++++++++++++++++++++++++++++ EXPLOITATION +++++++++++++++++++++++++++++
iNear = 7
pk = 1
activeEEsNear.size() = 4
4
5
1
0
REMOVING A CONTACT
activeEEsDes.size() = 3
j = 45
+++++++++++++++++++++++++++++ EXPLOITATION +++++++++++++++++++++++++++++
iNear = -1
pk = 5
j = 46
+++++++++++++++++++++++++++++ EXPLOITATION +++++++++++++++++++++++++++++
iNear = -1
pk = 5
j = 47
+++++++++++++++++++++++++++++ EXPLORATION +++++++++++++++++++++++++++++
iNear = 4
pk = 0
activeEEsNear.size() = 3
4
5
1
ADDING A CONTACT
activeEEsDes.size() = 4
EE(stance) =
 l_sole pos =           1            0            0   6.7375e-15
           0            1            0 -5.73791e-15
           0            0            1 -1.60427e-14
           0            0            0            1
EE(stance) =
 r_sole pos =          1           0           0 1.42946e-14
          0           1           0     -0.2063
          0           0           1 1.54321e-14
          0           0           0           1
EE(stance) =
 TCP_R pos =  -1    0    0  0.3
   0    1    0 -0.3
   0    0   -1    0
   0    0    0    1
EE(stance) =
 TCP_L pos = -1   0   0 0.3
  0   1   0 0.1
  0   0  -1   0
  0   0   0   1
EE active = TCP_L pos = 0.338402 0.0364292  0.308397
EE active = TCP_L rot = -0.661604   0.446284   0.602587
   0.30978   0.894496  -0.322356
 -0.682874 -0.0266019  -0.730052
EE active = TCP_R pos =   0.299998   -0.299999 2.56026e-06
EE active = TCP_R rot =  -0.999999 0.000207265   0.0014956
0.000205676    0.999999 -0.00106248
-0.00149582 -0.00106217   -0.999998
EE active = l_sole pos =-1.79175e-06 -2.09106e-07  2.69618e-06
EE active = l_sole rot =           1  6.43913e-08 -6.83849e-07
-6.43913e-08            1 -4.31026e-08
 6.83849e-07  4.31027e-08            1
EE active = r_sole pos =-2.45106e-07      -0.2063 -2.82597e-06
EE active = r_sole rot =           1  1.15367e-07   -4.776e-07
-1.15367e-07            1 -6.77808e-08
   4.776e-07  6.77808e-08            1
--------------- GS SUCCESS ---------------
rError = 0 0 0
nError = 0 0 0
-F.dot(n) = -65.0001
(F-(n.dot(F))*n).norm() - mu*(F.dot(n)) = -12.2783
rError = 0 0 0
nError = 0 0 0
-F.dot(n) = -65.0001
(F-(n.dot(F))*n).norm() - mu*(F.dot(n)) = -19.2209
rError = 0 0 0
nError = 0 0 0
-F.dot(n) = -311.518
(F-(n.dot(F))*n).norm() - mu*(F.dot(n)) = -128.232
rError = 0 0 0
nError = 0 0 0
-F.dot(n) = -188.78
(F-(n.dot(F))*n).norm() - mu*(F.dot(n)) = -81.3826
F_sumError = -2.66454e-15 -1.77636e-15 -1.13687e-13
Torque_sumError =  7.10543e-15 -5.32907e-15 -1.11022e-16
--------------- CPL SUCCESS ---------------
EE(stance) =
 l_sole pos =           1            0            0   6.7375e-15
           0            1            0 -5.73791e-15
           0            0            1 -1.60427e-14
           0            0            0            1
EE(stance) =
 r_sole pos =          1           0           0 1.42946e-14
          0           1           0     -0.2063
          0           0           1 1.54321e-14
          0           0           0           1
EE(stance) =
 TCP_R pos =  -1    0    0  0.3
   0    1    0 -0.3
   0    0   -1    0
   0    0    0    1
EE(stance) =
 TCP_L pos = -1   0   0 0.3
  0   1   0 0.1
  0   0  -1   0
  0   0   0   1
EE inactive = com pos =0.0636577 -0.105895  0.621839
EE inactive = com rot =1 0 0
0 1 0
0 0 1
EE active = TCP_L pos = 0.338402 0.0364292  0.308397
EE active = TCP_L rot = -0.661604   0.446284   0.602587
   0.30978   0.894496  -0.322356
 -0.682874 -0.0266019  -0.730052
EE active = TCP_R pos =   0.299998   -0.299999 2.56026e-06
EE active = TCP_R rot =  -0.999999 0.000207265   0.0014956
0.000205676    0.999999 -0.00106248
-0.00149582 -0.00106217   -0.999998
EE active = l_sole pos =-1.79175e-06 -2.09106e-07  2.69618e-06
EE active = l_sole rot =           1  6.43913e-08 -6.83849e-07
-6.43913e-08            1 -4.31026e-08
 6.83849e-07  4.31027e-08            1
EE active = r_sole pos =-2.45106e-07      -0.2063 -2.82597e-06
EE active = r_sole rot =           1  1.15367e-07   -4.776e-07
-1.15367e-07            1 -6.77808e-08
   4.776e-07  6.77808e-08            1
--------------- GS_COM SUCCESS ---------------
j = 47 qListVertex.size() = 1
VERTEX # = 8
L_HAND =    0.299999   0.0999999 2.10199e-06
