rError = 0 0 0
nError = 0 0 0
-F.dot(n) = -190.407
(F-(n.dot(F))*n).norm() - mu*(F.dot(n)) = -78.8922
rError = 0 0 0
nError = 0 0 0
-F.dot(n) = -139.779
(F-(n.dot(F))*n).norm() - mu*(F.dot(n)) = -49.2777
rError = 0 0 0
nError = 0 0 0
-F.dot(n) = -182.223
(F-(n.dot(F))*n).norm() - mu*(F.dot(n)) = -71.63
rError = 0 0 0
nError = 0 0 0
-F.dot(n) = -117.889
(F-(n.dot(F))*n).norm() - mu*(F.dot(n)) = -33.9591
F_sumError =           0           0 1.13687e-13
Torque_sumError =           0           0 3.55271e-15
rError = 0 0 0
nError = 0 0 0
-F.dot(n) = -98.8708
(F-(n.dot(F))*n).norm() - mu*(F.dot(n)) = -11.216
rError = 0 0 0
nError = 0 0 0
-F.dot(n) = -80.3333
(F-(n.dot(F))*n).norm() - mu*(F.dot(n)) = -6.5271
rError = 0 0 0
nError = 0 0 0
-F.dot(n) = -284.961
(F-(n.dot(F))*n).norm() - mu*(F.dot(n)) = -13.849
rError = 0 0 0
nError = 0 0 0
-F.dot(n) = -335.259
(F-(n.dot(F))*n).norm() - mu*(F.dot(n)) = -41.6099
F_sumError = -2.84217e-14            0            0
Torque_sumError =  7.10543e-15            0 -1.42109e-14
********************************* PLANNING STARTED *********************************
j = 0
+++++++++++++++++++++++++++++ EXPLOITATION +++++++++++++++++++++++++++++
iNear = 0
pk = 1
activeEEsNear.size() = 4
0
1
4
5
REMOVING A CONTACT
activeEEsDes.size() = 3
EE(stance) =
 TCP_L pos =         -1           0           0    0.694703
          0           1           0    0.403717
          0           0          -1 0.000152447
          0           0           0           1
EE(stance) =
 l_sole pos =          1           0           0   -0.505162
          0           1           0    0.205912
          0           0           1 -0.00404633
          0           0           0           1
EE(stance) =
 r_sole pos =         1          0          0  -0.503075
         0          1          0  -0.392548
         0          0          1 0.00282993
         0          0          0          1
EE active = TCP_L pos =   0.694703    0.403717 0.000152447
EE active = TCP_L rot =   -0.999995 -0.000315371   0.00306859
-0.000318792     0.999999  -0.00111447
 -0.00306823  -0.00111544    -0.999995
EE inactive = TCP_R pos = 0.671473   -0.5655 0.0125641
EE inactive = TCP_R rot =   -0.999968   0.00508791   0.00621889
  0.00508602     0.999987   -0.0003201
 -0.00622044 -0.000288461    -0.999981
EE active = l_sole pos =  -0.505162    0.205912 -0.00404633
EE active = l_sole rot =           1 -1.09359e-05 -0.000688287
 1.14231e-05            1  0.000707762
 0.000688279  -0.00070777            1
EE active = r_sole pos = -0.503075  -0.392548 0.00282993
EE active = r_sole rot =    0.999999  -0.00138884 -6.32498e-05
  0.00138905     0.999993   0.00353121
  5.8345e-05   -0.0035313     0.999994
--------------- GS SUCCESS ---------------
rError = 0 0 0
nError = 0 0 0
-F.dot(n) = -300.206
(F-(n.dot(F))*n).norm() - mu*(F.dot(n)) = -133.76
rError = 0 0 0
nError = 0 0 0
-F.dot(n) = -65
(F-(n.dot(F))*n).norm() - mu*(F.dot(n)) = 2.72165e-05
rError = 0 0 0
nError = 0 0 0
-F.dot(n) = -265.091
(F-(n.dot(F))*n).norm() - mu*(F.dot(n)) = -99.3542
F_sumError =            0            0 -1.13687e-13
Torque_sumError = 1.42109e-14           0           0
--------------- CPL SUCCESS ---------------
EE(stance) =
 TCP_L pos =         -1           0           0    0.694703
          0           1           0    0.403717
          0           0          -1 0.000152447
          0           0           0           1
EE(stance) =
 l_sole pos =          1           0           0   -0.505162
          0           1           0    0.205912
          0           0           1 -0.00404633
          0           0           0           1
EE(stance) =
 r_sole pos =         1          0          0  -0.503075
         0          1          0  -0.392548
         0          0          1 0.00282993
         0          0          0          1
EE active = Com pos =    0.1075 -0.0120862   0.421452
EE active = Com rot =1 0 0
0 1 0
0 0 1
EE active = TCP_L pos =   0.694703    0.403717 0.000152447
EE active = TCP_L rot =   -0.999995 -0.000315371   0.00306859
-0.000318792     0.999999  -0.00111447
 -0.00306823  -0.00111544    -0.999995
EE inactive = TCP_R pos = 0.671473   -0.5655 0.0125641
EE inactive = TCP_R rot =   -0.999968   0.00508791   0.00621889
  0.00508602     0.999987   -0.0003201
 -0.00622044 -0.000288461    -0.999981
EE active = l_sole pos =  -0.505162    0.205912 -0.00404633
EE active = l_sole rot =           1 -1.09359e-05 -0.000688287
 1.14231e-05            1  0.000707762
 0.000688279  -0.00070777            1
EE active = r_sole pos = -0.503075  -0.392548 0.00282993
EE active = r_sole rot =    0.999999  -0.00138884 -6.32498e-05
  0.00138905     0.999993   0.00353121
  5.8345e-05   -0.0035313     0.999994
--------------- GS_COM SUCCESS ---------------
j = 0 qListVertex.size() = 1
VERTEX # = 1
L_HAND =    0.694143    0.403779 0.000358224
R_HAND =  0.670248 -0.563293 0.0136557
L_FOOT =   -0.505227    0.206051 -0.00408484
R_FOOT =  -0.503053  -0.391638 0.00275708
j = 1
+++++++++++++++++++++++++++++ EXPLOITATION +++++++++++++++++++++++++++++
iNear = 0
pk = 4
activeEEsNear.size() = 4
0
1
4
5
REMOVING A CONTACT
activeEEsDes.size() = 3
EE(stance) =
 TCP_L pos =         -1           0           0    0.694703
          0           1           0    0.403717
          0           0          -1 0.000152447
          0           0           0           1
EE(stance) =
 TCP_R pos =       -1         0         0  0.671473
        0         1         0   -0.5655
        0         0        -1 0.0125641
        0         0         0         1
EE(stance) =
 r_sole pos =         1          0          0  -0.503075
         0          1          0  -0.392548
         0          0          1 0.00282993
         0          0          0          1
EE active = TCP_L pos =   0.694703    0.403717 0.000152447
EE active = TCP_L rot =   -0.999995 -0.000315371   0.00306859
-0.000318792     0.999999  -0.00111447
 -0.00306823  -0.00111544    -0.999995
EE active = TCP_R pos = 0.671473   -0.5655 0.0125641
EE active = TCP_R rot =   -0.999968   0.00508791   0.00621889
  0.00508602     0.999987   -0.0003201
 -0.00622044 -0.000288461    -0.999981
EE inactive = l_sole pos =  -0.505162    0.205912 -0.00404633
EE inactive = l_sole rot =           1 -1.09359e-05 -0.000688287
 1.14231e-05            1  0.000707762
 0.000688279  -0.00070777            1
EE active = r_sole pos = -0.503075  -0.392548 0.00282993
EE active = r_sole rot =    0.999999  -0.00138884 -6.32498e-05
  0.00138905     0.999993   0.00353121
  5.8345e-05   -0.0035313     0.999994
--------------- GS SUCCESS ---------------
rError = 0 0 0
nError = 0 0 0
-F.dot(n) = -303.771
(F-(n.dot(F))*n).norm() - mu*(F.dot(n)) = -87.4872
rError = 0 0 0
nError = 0 0 0
-F.dot(n) = -18.1135
(F-(n.dot(F))*n).norm() - mu*(F.dot(n)) = -0.00113138
rError = 0 0 0
nError = 0 0 0
-F.dot(n) = -308.413
(F-(n.dot(F))*n).norm() - mu*(F.dot(n)) = -94.645
F_sumError = -7.10543e-15            0            0
Torque_sumError = -2.84217e-14  2.84217e-14 -4.44089e-15
--------------- CPL SUCCESS ---------------
EE(stance) =
 TCP_L pos =         -1           0           0    0.694703
          0           1           0    0.403717
          0           0          -1 0.000152447
          0           0           0           1
EE(stance) =
 TCP_R pos =       -1         0         0  0.671473
        0         1         0   -0.5655
        0         0        -1 0.0125641
        0         0         0         1
EE(stance) =
 r_sole pos =         1          0          0  -0.503075
         0          1          0  -0.392548
         0          0          1 0.00282993
         0          0          0          1
EE active = Com pos =    0.1075 -0.0120862   0.421452
EE active = Com rot =1 0 0
0 1 0
0 0 1
EE active = TCP_L pos =   0.694703    0.403717 0.000152447
EE active = TCP_L rot =   -0.999995 -0.000315371   0.00306859
-0.000318792     0.999999  -0.00111447
 -0.00306823  -0.00111544    -0.999995
EE active = TCP_R pos = 0.671473   -0.5655 0.0125641
EE active = TCP_R rot =   -0.999968   0.00508791   0.00621889
  0.00508602     0.999987   -0.0003201
 -0.00622044 -0.000288461    -0.999981
EE inactive = l_sole pos =  -0.505162    0.205912 -0.00404633
EE inactive = l_sole rot =           1 -1.09359e-05 -0.000688287
 1.14231e-05            1  0.000707762
 0.000688279  -0.00070777            1
EE active = r_sole pos = -0.503075  -0.392548 0.00282993
EE active = r_sole rot =    0.999999  -0.00138884 -6.32498e-05
  0.00138905     0.999993   0.00353121
  5.8345e-05   -0.0035313     0.999994
--------------- GS_COM SUCCESS ---------------
j = 1 qListVertex.size() = 1
VERTEX # = 2
L_HAND =    0.694703    0.403717 0.000152429
R_HAND = 0.671473  -0.5655 0.012564
L_FOOT =   -0.505162    0.205912 -0.00404633
R_FOOT =  -0.503075  -0.392548 0.00282988
j = 2
+++++++++++++++++++++++++++++ EXPLOITATION +++++++++++++++++++++++++++++
iNear = 0
pk = 0
activeEEsNear.size() = 4
0
1
4
5
REMOVING A CONTACT
activeEEsDes.size() = 3
EE(stance) =
 TCP_R pos =       -1         0         0  0.671473
        0         1         0   -0.5655
        0         0        -1 0.0125641
        0         0         0         1
EE(stance) =
 l_sole pos =          1           0           0   -0.505162
          0           1           0    0.205912
          0           0           1 -0.00404633
          0           0           0           1
EE(stance) =
 r_sole pos =         1          0          0  -0.503075
         0          1          0  -0.392548
         0          0          1 0.00282993
         0          0          0          1
EE inactive = TCP_L pos =   0.694703    0.403717 0.000152447
EE inactive = TCP_L rot =   -0.999995 -0.000315371   0.00306859
-0.000318792     0.999999  -0.00111447
 -0.00306823  -0.00111544    -0.999995
EE active = TCP_R pos = 0.671473   -0.5655 0.0125641
EE active = TCP_R rot =   -0.999968   0.00508791   0.00621889
  0.00508602     0.999987   -0.0003201
 -0.00622044 -0.000288461    -0.999981
EE active = l_sole pos =  -0.505162    0.205912 -0.00404633
EE active = l_sole rot =           1 -1.09359e-05 -0.000688287
 1.14231e-05            1  0.000707762
 0.000688279  -0.00070777            1
EE active = r_sole pos = -0.503075  -0.392548 0.00282993
EE active = r_sole rot =    0.999999  -0.00138884 -6.32498e-05
  0.00138905     0.999993   0.00353121
  5.8345e-05   -0.0035313     0.999994
--------------- GS SUCCESS ---------------
rError = 0 0 0
nError = 0 0 0
-F.dot(n) = -269.525
(F-(n.dot(F))*n).norm() - mu*(F.dot(n)) = -42.5997
rError = 0 0 0
nError = 0 0 0
-F.dot(n) = -295.773
(F-(n.dot(F))*n).norm() - mu*(F.dot(n)) = -25.0852
rError = 0 0 0
nError = 0 0 0
-F.dot(n) = -65
(F-(n.dot(F))*n).norm() - mu*(F.dot(n)) = 1.0709e-05
F_sumError = -1.06581e-14 -3.55271e-15            0
Torque_sumError = -3.90799e-14  6.03961e-14  3.55271e-15
--------------- CPL SUCCESS ---------------
EE(stance) =
 TCP_R pos =       -1         0         0  0.671473
        0         1         0   -0.5655
        0         0        -1 0.0125641
        0         0         0         1
EE(stance) =
 l_sole pos =          1           0           0   -0.505162
          0           1           0    0.205912
          0           0           1 -0.00404633
          0           0           0           1
EE(stance) =
 r_sole pos =         1          0          0  -0.503075
         0          1          0  -0.392548
         0          0          1 0.00282993
         0          0          0          1
EE active = Com pos =    0.1075 -0.0120862   0.421452
EE active = Com rot =1 0 0
0 1 0
0 0 1
EE inactive = TCP_L pos =   0.694703    0.403717 0.000152447
EE inactive = TCP_L rot =   -0.999995 -0.000315371   0.00306859
-0.000318792     0.999999  -0.00111447
 -0.00306823  -0.00111544    -0.999995
EE active = TCP_R pos = 0.671473   -0.5655 0.0125641
EE active = TCP_R rot =   -0.999968   0.00508791   0.00621889
  0.00508602     0.999987   -0.0003201
 -0.00622044 -0.000288461    -0.999981
EE active = l_sole pos =  -0.505162    0.205912 -0.00404633
EE active = l_sole rot =           1 -1.09359e-05 -0.000688287
 1.14231e-05            1  0.000707762
 0.000688279  -0.00070777            1
EE active = r_sole pos = -0.503075  -0.392548 0.00282993
EE active = r_sole rot =    0.999999  -0.00138884 -6.32498e-05
  0.00138905     0.999993   0.00353121
  5.8345e-05   -0.0035313     0.999994
--------------- GS_COM FAIL ---------------
j = 2 qListVertex.size() = 0
j = 3
+++++++++++++++++++++++++++++ EXPLOITATION +++++++++++++++++++++++++++++
iNear = 0
pk = 5
activeEEsNear.size() = 4
0
1
4
5
REMOVING A CONTACT
activeEEsDes.size() = 3
EE(stance) =
 TCP_L pos =         -1           0           0    0.694703
          0           1           0    0.403717
          0           0          -1 0.000152447
          0           0           0           1
EE(stance) =
 TCP_R pos =       -1         0         0  0.671473
        0         1         0   -0.5655
        0         0        -1 0.0125641
        0         0         0         1
EE(stance) =
 l_sole pos =          1           0           0   -0.505162
          0           1           0    0.205912
          0           0           1 -0.00404633
          0           0           0           1
EE active = TCP_L pos =   0.694703    0.403717 0.000152447
EE active = TCP_L rot =   -0.999995 -0.000315371   0.00306859
-0.000318792     0.999999  -0.00111447
 -0.00306823  -0.00111544    -0.999995
EE active = TCP_R pos = 0.671473   -0.5655 0.0125641
EE active = TCP_R rot =   -0.999968   0.00508791   0.00621889
  0.00508602     0.999987   -0.0003201
 -0.00622044 -0.000288461    -0.999981
EE active = l_sole pos =  -0.505162    0.205912 -0.00404633
EE active = l_sole rot =           1 -1.09359e-05 -0.000688287
 1.14231e-05            1  0.000707762
 0.000688279  -0.00070777            1
EE inactive = r_sole pos = -0.503075  -0.392548 0.00282993
EE inactive = r_sole rot =    0.999999  -0.00138884 -6.32498e-05
  0.00138905     0.999993   0.00353121
  5.8345e-05   -0.0035313     0.999994
--------------- GS SUCCESS ---------------
rError = 0 0 0
nError = 0 0 0
-F.dot(n) = -77.1289
(F-(n.dot(F))*n).norm() - mu*(F.dot(n)) = -35.1897
rError = 0 0 0
nError = 0 0 0
-F.dot(n) = -254.131
(F-(n.dot(F))*n).norm() - mu*(F.dot(n)) = -124.908
rError = 0 0 0
nError = 0 0 0
-F.dot(n) = -299.038
(F-(n.dot(F))*n).norm() - mu*(F.dot(n)) = -145.18
F_sumError =            0            0 -1.13687e-13
Torque_sumError = -1.42109e-14 -5.68434e-14 -2.22045e-16
--------------- CPL SUCCESS ---------------
EE(stance) =
 TCP_L pos =         -1           0           0    0.694703
          0           1           0    0.403717
          0           0          -1 0.000152447
          0           0           0           1
EE(stance) =
 TCP_R pos =       -1         0         0  0.671473
        0         1         0   -0.5655
        0         0        -1 0.0125641
        0         0         0         1
EE(stance) =
 l_sole pos =          1           0           0   -0.505162
          0           1           0    0.205912
          0           0           1 -0.00404633
          0           0           0           1
EE active = Com pos =    0.1075 -0.0120862   0.421452
EE active = Com rot =1 0 0
0 1 0
0 0 1
EE active = TCP_L pos =   0.694703    0.403717 0.000152447
EE active = TCP_L rot =   -0.999995 -0.000315371   0.00306859
-0.000318792     0.999999  -0.00111447
 -0.00306823  -0.00111544    -0.999995
EE active = TCP_R pos = 0.671473   -0.5655 0.0125641
EE active = TCP_R rot =   -0.999968   0.00508791   0.00621889
  0.00508602     0.999987   -0.0003201
 -0.00622044 -0.000288461    -0.999981
EE active = l_sole pos =  -0.505162    0.205912 -0.00404633
EE active = l_sole rot =           1 -1.09359e-05 -0.000688287
 1.14231e-05            1  0.000707762
 0.000688279  -0.00070777            1
EE inactive = r_sole pos = -0.503075  -0.392548 0.00282993
EE inactive = r_sole rot =    0.999999  -0.00138884 -6.32498e-05
  0.00138905     0.999993   0.00353121
  5.8345e-05   -0.0035313     0.999994
--------------- GS_COM SUCCESS ---------------
j = 3 qListVertex.size() = 1
VERTEX # = 3
L_HAND =     0.69471    0.403722 0.000147051
R_HAND =  0.671474 -0.565499 0.0125629
L_FOOT =   -0.505162    0.205913 -0.00404779
R_FOOT = -0.503075 -0.392543 0.0028109
j = 4
+++++++++++++++++++++++++++++ EXPLOITATION +++++++++++++++++++++++++++++
iNear = -1
pk = 0
j = 5
+++++++++++++++++++++++++++++ EXPLOITATION +++++++++++++++++++++++++++++
iNear = -1
pk = 0
j = 6
+++++++++++++++++++++++++++++ EXPLOITATION +++++++++++++++++++++++++++++
iNear = 2
pk = 4
activeEEsNear.size() = 3
0
1
5
ADDING A CONTACT
activeEEsDes.size() = 4
EE(stance) =
 TCP_L pos =         -1           0           0    0.694703
          0           1           0    0.403717
          0           0          -1 0.000152447
          0           0           0           1
EE(stance) =
 TCP_R pos =       -1         0         0  0.671473
        0         1         0   -0.5655
        0         0        -1 0.0125641
        0         0         0         1
EE(stance) =
 r_sole pos =         1          0          0  -0.503075
         0          1          0  -0.392548
         0          0          1 0.00282993
         0          0          0          1
EE(stance) =
 l_sole pos =   1    0    0 -0.3
   0    1    0    0
   0    0    1    0
   0    0    0    1
EE active = TCP_L pos =   0.694703    0.403717 0.000152429
EE active = TCP_L rot =          -1 -8.66945e-07 -1.06692e-05
-8.67039e-07            1  8.79952e-06
 1.06692e-05  8.79953e-06           -1
EE active = TCP_R pos =0.671473  -0.5655 0.012564
EE active = TCP_R rot =          -1 -1.02969e-06 -8.17618e-05
-1.03787e-06            1  9.99688e-05
 8.17617e-05  9.99689e-05           -1
EE active = l_sole pos =  -0.505162    0.205912 -0.00404633
EE active = l_sole rot =           1 -1.09311e-05  -0.00068827
 1.14181e-05            1  0.000707712
 0.000688262  -0.00070772            1
EE active = r_sole pos = -0.503075  -0.392548 0.00282988
EE active = r_sole rot =           1 -3.93044e-09  2.03915e-09
 3.93044e-09            1 -4.51021e-09
-2.03915e-09  4.51021e-09            1
--------------- GS SUCCESS ---------------
rError = 0 0 0
nError = 0 0 0
-F.dot(n) = -166.202
(F-(n.dot(F))*n).norm() - mu*(F.dot(n)) = -30.5409
rError = 0 0 0
nError = 0 0 0
-F.dot(n) = -158.393
(F-(n.dot(F))*n).norm() - mu*(F.dot(n)) = -45.5307
rError = 0 0 0
nError = 0 0 0
-F.dot(n) = -116.893
(F-(n.dot(F))*n).norm() - mu*(F.dot(n)) = -30.0366
rError = 0 0 0
nError = 0 0 0
-F.dot(n) = -188.809
(F-(n.dot(F))*n).norm() - mu*(F.dot(n)) = -46.5224
F_sumError =  3.55271e-15  7.10543e-15 -1.13687e-13
Torque_sumError =           0 1.42109e-14           0
--------------- CPL SUCCESS ---------------
EE(stance) =
 TCP_L pos =         -1           0           0    0.694703
          0           1           0    0.403717
          0           0          -1 0.000152447
          0           0           0           1
EE(stance) =
 TCP_R pos =       -1         0         0  0.671473
        0         1         0   -0.5655
        0         0        -1 0.0125641
        0         0         0         1
EE(stance) =
 r_sole pos =         1          0          0  -0.503075
         0          1          0  -0.392548
         0          0          1 0.00282993
         0          0          0          1
EE(stance) =
 l_sole pos =   1    0    0 -0.3
   0    1    0    0
   0    0    1    0
   0    0    0    1
EE active = Com pos =  0.108145 -0.0134439    0.42265
EE active = Com rot =1 0 0
0 1 0
0 0 1
EE active = TCP_L pos =   0.694703    0.403717 0.000152429
EE active = TCP_L rot =          -1 -8.66945e-07 -1.06692e-05
-8.67039e-07            1  8.79952e-06
 1.06692e-05  8.79953e-06           -1
EE active = TCP_R pos =0.671473  -0.5655 0.012564
EE active = TCP_R rot =          -1 -1.02969e-06 -8.17618e-05
-1.03787e-06            1  9.99688e-05
 8.17617e-05  9.99689e-05           -1
EE active = l_sole pos =  -0.505162    0.205912 -0.00404633
EE active = l_sole rot =           1 -1.09311e-05  -0.00068827
 1.14181e-05            1  0.000707712
 0.000688262  -0.00070772            1
EE active = r_sole pos = -0.503075  -0.392548 0.00282988
EE active = r_sole rot =           1 -3.93044e-09  2.03915e-09
 3.93044e-09            1 -4.51021e-09
-2.03915e-09  4.51021e-09            1
--------------- GS_COM SUCCESS ---------------
j = 6 qListVertex.size() = 1
VERTEX # = 4
L_HAND =    0.694701    0.403714 0.000154947
R_HAND =  0.671472   -0.5655 0.0125649
L_FOOT =         -0.3 -1.33521e-07  1.03339e-06
R_FOOT =  -0.503075  -0.392548 0.00283084
j = 7
+++++++++++++++++++++++++++++ EXPLOITATION +++++++++++++++++++++++++++++
iNear = 4
pk = 1
activeEEsNear.size() = 4
0
1
5
4
REMOVING A CONTACT
activeEEsDes.size() = 3
EE(stance) =
 TCP_L pos =         -1           0           0    0.694703
          0           1           0    0.403717
          0           0          -1 0.000152447
          0           0           0           1
EE(stance) =
 r_sole pos =         1          0          0  -0.503075
         0          1          0  -0.392548
         0          0          1 0.00282993
         0          0          0          1
EE(stance) =
 l_sole pos =   1    0    0 -0.3
   0    1    0    0
   0    0    1    0
   0    0    0    1
EE active = TCP_L pos =   0.694701    0.403714 0.000154947
EE active = TCP_L rot =   -0.999999 -2.86954e-06    0.0012164
-1.55189e-06     0.999999   0.00108324
  -0.0012164   0.00108324    -0.999999
EE inactive = TCP_R pos = 0.671472   -0.5655 0.0125649
EE inactive = TCP_R rot =          -1 -3.28594e-06  0.000203458
-3.28401e-06            1  9.46083e-06
-0.000203458  9.46016e-06           -1
EE active = l_sole pos =        -0.3 -1.33521e-07  1.03339e-06
EE active = l_sole rot =           1 -4.34021e-09  2.83946e-08
 4.34021e-09            1 -1.13506e-08
-2.83946e-08  1.13506e-08            1
EE active = r_sole pos = -0.503075  -0.392548 0.00283084
EE active = r_sole rot =           1  1.00593e-07  -2.9597e-08
-1.00593e-07            1 -1.93993e-08
  2.9597e-08  1.93994e-08            1
--------------- GS SUCCESS ---------------
rError = 0 0 0
nError = 0 0 0
-F.dot(n) = -297.911
(F-(n.dot(F))*n).norm() - mu*(F.dot(n)) = -132.373
rError = 0 0 0
nError = 0 0 0
-F.dot(n) = -267.387
(F-(n.dot(F))*n).norm() - mu*(F.dot(n)) = -108.047
rError = 0 0 0
nError = 0 0 0
-F.dot(n) = -65.0001
(F-(n.dot(F))*n).norm() - mu*(F.dot(n)) = -0.0196971
F_sumError =            0 -3.55271e-15 -1.13687e-13
Torque_sumError = -1.42109e-14 -3.55271e-14  1.77636e-15
--------------- CPL SUCCESS ---------------
EE(stance) =
 TCP_L pos =         -1           0           0    0.694703
          0           1           0    0.403717
          0           0          -1 0.000152447
          0           0           0           1
EE(stance) =
 r_sole pos =         1          0          0  -0.503075
         0          1          0  -0.392548
         0          0          1 0.00282993
         0          0          0          1
EE(stance) =
 l_sole pos =   1    0    0 -0.3
   0    1    0    0
   0    0    1    0
   0    0    0    1
EE active = Com pos =  0.16834 -0.108775  0.492573
EE active = Com rot =1 0 0
0 1 0
0 0 1
EE active = TCP_L pos =   0.694701    0.403714 0.000154947
EE active = TCP_L rot =   -0.999999 -2.86954e-06    0.0012164
-1.55189e-06     0.999999   0.00108324
  -0.0012164   0.00108324    -0.999999
EE inactive = TCP_R pos = 0.671472   -0.5655 0.0125649
EE inactive = TCP_R rot =          -1 -3.28594e-06  0.000203458
-3.28401e-06            1  9.46083e-06
-0.000203458  9.46016e-06           -1
EE active = l_sole pos =        -0.3 -1.33521e-07  1.03339e-06
EE active = l_sole rot =           1 -4.34021e-09  2.83946e-08
 4.34021e-09            1 -1.13506e-08
-2.83946e-08  1.13506e-08            1
EE active = r_sole pos = -0.503075  -0.392548 0.00283084
EE active = r_sole rot =           1  1.00593e-07  -2.9597e-08
-1.00593e-07            1 -1.93993e-08
  2.9597e-08  1.93994e-08            1
--------------- GS_COM FAIL ---------------
j = 7 qListVertex.size() = 0
j = 8
+++++++++++++++++++++++++++++ EXPLOITATION +++++++++++++++++++++++++++++
iNear = 4
pk = 5
activeEEsNear.size() = 4
0
1
5
4
REMOVING A CONTACT
activeEEsDes.size() = 3
EE(stance) =
 TCP_L pos =         -1           0           0    0.694703
          0           1           0    0.403717
          0           0          -1 0.000152447
          0           0           0           1
EE(stance) =
 TCP_R pos =       -1         0         0  0.671473
        0         1         0   -0.5655
        0         0        -1 0.0125641
        0         0         0         1
EE(stance) =
 l_sole pos =   1    0    0 -0.3
   0    1    0    0
   0    0    1    0
   0    0    0    1
EE active = TCP_L pos =   0.694701    0.403714 0.000154947
EE active = TCP_L rot =   -0.999999 -2.86954e-06    0.0012164
-1.55189e-06     0.999999   0.00108324
  -0.0012164   0.00108324    -0.999999
EE active = TCP_R pos = 0.671472   -0.5655 0.0125649
EE active = TCP_R rot =          -1 -3.28594e-06  0.000203458
-3.28401e-06            1  9.46083e-06
-0.000203458  9.46016e-06           -1
EE active = l_sole pos =        -0.3 -1.33521e-07  1.03339e-06
EE active = l_sole rot =           1 -4.34021e-09  2.83946e-08
 4.34021e-09            1 -1.13506e-08
-2.83946e-08  1.13506e-08            1
EE inactive = r_sole pos = -0.503075  -0.392548 0.00283084
EE inactive = r_sole rot =           1  1.00593e-07  -2.9597e-08
-1.00593e-07            1 -1.93993e-08
  2.9597e-08  1.93994e-08            1
--------------- GS SUCCESS ---------------
rError = 0 0 0
nError = 0 0 0
-F.dot(n) = -119.04
(F-(n.dot(F))*n).norm() - mu*(F.dot(n)) = -12.8416
rError = 0 0 0
nError = 0 0 0
-F.dot(n) = -177.832
(F-(n.dot(F))*n).norm() - mu*(F.dot(n)) = -47.2994
rError = 0 0 0
nError = 0 0 0
-F.dot(n) = -333.425
(F-(n.dot(F))*n).norm() - mu*(F.dot(n)) = -88.5852
F_sumError =            0 -1.33227e-15  1.13687e-13
Torque_sumError = -7.10543e-15 -5.68434e-14            0
--------------- CPL SUCCESS ---------------
EE(stance) =
 TCP_L pos =         -1           0           0    0.694703
          0           1           0    0.403717
          0           0          -1 0.000152447
          0           0           0           1
EE(stance) =
 TCP_R pos =       -1         0         0  0.671473
        0         1         0   -0.5655
        0         0        -1 0.0125641
        0         0         0         1
EE(stance) =
 l_sole pos =   1    0    0 -0.3
   0    1    0    0
   0    0    1    0
   0    0    0    1
EE active = Com pos =  0.16834 -0.108775  0.492573
EE active = Com rot =1 0 0
0 1 0
0 0 1
EE active = TCP_L pos =   0.694701    0.403714 0.000154947
EE active = TCP_L rot =   -0.999999 -2.86954e-06    0.0012164
-1.55189e-06     0.999999   0.00108324
  -0.0012164   0.00108324    -0.999999
EE active = TCP_R pos = 0.671472   -0.5655 0.0125649
EE active = TCP_R rot =          -1 -3.28594e-06  0.000203458
-3.28401e-06            1  9.46083e-06
-0.000203458  9.46016e-06           -1
EE active = l_sole pos =        -0.3 -1.33521e-07  1.03339e-06
EE active = l_sole rot =           1 -4.34021e-09  2.83946e-08
 4.34021e-09            1 -1.13506e-08
-2.83946e-08  1.13506e-08            1
EE inactive = r_sole pos = -0.503075  -0.392548 0.00283084
EE inactive = r_sole rot =           1  1.00593e-07  -2.9597e-08
-1.00593e-07            1 -1.93993e-08
  2.9597e-08  1.93994e-08            1
--------------- GS_COM SUCCESS ---------------
j = 8 qListVertex.size() = 1
VERTEX # = 5
L_HAND =    0.694703    0.403717 0.000152603
R_HAND =  0.671472 -0.565499 0.0125647
L_FOOT =        -0.3 1.04888e-07 2.42294e-07
R_FOOT = -0.503075 -0.392547 0.0028329
j = 9
+++++++++++++++++++++++++++++ EXPLOITATION +++++++++++++++++++++++++++++
iNear = 2
pk = 4
activeEEsNear.size() = 3
0
1
5
ADDING A CONTACT
activeEEsDes.size() = 4
j = 10
+++++++++++++++++++++++++++++ EXPLOITATION +++++++++++++++++++++++++++++
iNear = 4
pk = 0
activeEEsNear.size() = 4
0
1
5
4
REMOVING A CONTACT
activeEEsDes.size() = 3
EE(stance) =
 TCP_R pos =       -1         0         0  0.671473
        0         1         0   -0.5655
        0         0        -1 0.0125641
        0         0         0         1
EE(stance) =
 r_sole pos =         1          0          0  -0.503075
         0          1          0  -0.392548
         0          0          1 0.00282993
         0          0          0          1
EE(stance) =
 l_sole pos =   1    0    0 -0.3
   0    1    0    0
   0    0    1    0
   0    0    0    1
EE inactive = TCP_L pos =   0.694701    0.403714 0.000154947
EE inactive = TCP_L rot =   -0.999999 -2.86954e-06    0.0012164
-1.55189e-06     0.999999   0.00108324
  -0.0012164   0.00108324    -0.999999
EE active = TCP_R pos = 0.671472   -0.5655 0.0125649
EE active = TCP_R rot =          -1 -3.28594e-06  0.000203458
-3.28401e-06            1  9.46083e-06
-0.000203458  9.46016e-06           -1
EE active = l_sole pos =        -0.3 -1.33521e-07  1.03339e-06
EE active = l_sole rot =           1 -4.34021e-09  2.83946e-08
 4.34021e-09            1 -1.13506e-08
-2.83946e-08  1.13506e-08            1
EE active = r_sole pos = -0.503075  -0.392548 0.00283084
EE active = r_sole rot =           1  1.00593e-07  -2.9597e-08
-1.00593e-07            1 -1.93993e-08
  2.9597e-08  1.93994e-08            1
--------------- GS SUCCESS ---------------
rError = 0 0 0
nError = 0 0 0
-F.dot(n) = -245.934
(F-(n.dot(F))*n).norm() - mu*(F.dot(n)) = -95.9709
rError = 0 0 0
nError = 0 0 0
-F.dot(n) = -65
(F-(n.dot(F))*n).norm() - mu*(F.dot(n)) = -3.551e-06
rError = 0 0 0
nError = 0 0 0
-F.dot(n) = -319.363
(F-(n.dot(F))*n).norm() - mu*(F.dot(n)) = -100.214
F_sumError =  7.10543e-15  7.10543e-15 -1.13687e-13
Torque_sumError = -5.68434e-14 -2.27374e-13 -5.32907e-15
--------------- CPL SUCCESS ---------------
EE(stance) =
 TCP_R pos =       -1         0         0  0.671473
        0         1         0   -0.5655
        0         0        -1 0.0125641
        0         0         0         1
EE(stance) =
 r_sole pos =         1          0          0  -0.503075
         0          1          0  -0.392548
         0          0          1 0.00282993
         0          0          0          1
EE(stance) =
 l_sole pos =   1    0    0 -0.3
   0    1    0    0
   0    0    1    0
   0    0    0    1
EE active = Com pos =  0.16834 -0.108775  0.492573
EE active = Com rot =1 0 0
0 1 0
0 0 1
EE inactive = TCP_L pos =   0.694701    0.403714 0.000154947
EE inactive = TCP_L rot =   -0.999999 -2.86954e-06    0.0012164
-1.55189e-06     0.999999   0.00108324
  -0.0012164   0.00108324    -0.999999
EE active = TCP_R pos = 0.671472   -0.5655 0.0125649
EE active = TCP_R rot =          -1 -3.28594e-06  0.000203458
-3.28401e-06            1  9.46083e-06
-0.000203458  9.46016e-06           -1
EE active = l_sole pos =        -0.3 -1.33521e-07  1.03339e-06
EE active = l_sole rot =           1 -4.34021e-09  2.83946e-08
 4.34021e-09            1 -1.13506e-08
-2.83946e-08  1.13506e-08            1
EE active = r_sole pos = -0.503075  -0.392548 0.00283084
EE active = r_sole rot =           1  1.00593e-07  -2.9597e-08
-1.00593e-07            1 -1.93993e-08
  2.9597e-08  1.93994e-08            1
--------------- GS_COM SUCCESS ---------------
j = 10 qListVertex.size() = 1
VERTEX # = 6
L_HAND =  0.654252   0.36119 0.0394872
R_HAND =  0.670544 -0.566078 0.0127555
L_FOOT =    -0.302117 -0.000385878 -0.000967044
R_FOOT =  -0.504465  -0.392745 0.00151051
j = 11
+++++++++++++++++++++++++++++ EXPLOITATION +++++++++++++++++++++++++++++
iNear = 2
pk = 4
activeEEsNear.size() = 3
0
1
5
ADDING A CONTACT
activeEEsDes.size() = 4
j = 12
+++++++++++++++++++++++++++++ EXPLOITATION +++++++++++++++++++++++++++++
iNear = 4
pk = 5
activeEEsNear.size() = 4
0
1
5
4
REMOVING A CONTACT
activeEEsDes.size() = 3
j = 13
+++++++++++++++++++++++++++++ EXPLOITATION +++++++++++++++++++++++++++++
iNear = 1
pk = 1
activeEEsNear.size() = 3
0
4
5
ADDING A CONTACT
activeEEsDes.size() = 4
EE(stance) =
 TCP_L pos =         -1           0           0    0.694703
          0           1           0    0.403717
          0           0          -1 0.000152447
          0           0           0           1
EE(stance) =
 l_sole pos =          1           0           0   -0.505162
          0           1           0    0.205912
          0           0           1 -0.00404633
          0           0           0           1
EE(stance) =
 r_sole pos =         1          0          0  -0.503075
         0          1          0  -0.392548
         0          0          1 0.00282993
         0          0          0          1
EE(stance) =
 TCP_R pos =   0    0    1    1
   0    1    0 -0.4
   1    0    0  0.7
   0    0    0    1
EE active = TCP_L pos =   0.694143    0.403779 0.000358224
EE active = TCP_L rot =  -0.972393  0.00022846    0.233348
-0.00304358    0.999902   -0.013662
  -0.233328   -0.013995   -0.972297
EE active = TCP_R pos = 0.670248 -0.563293 0.0136557
EE active = TCP_R rot =-0.906255  0.112809  0.407401
-0.273353  0.578752 -0.768326
-0.322458 -0.807664  -0.49366
EE active = l_sole pos =  -0.505227    0.206051 -0.00408484
EE active = l_sole rot =           1  4.37029e-06 -6.36221e-06
-4.37019e-06            1  1.57783e-05
 6.36228e-06 -1.57783e-05            1
EE active = r_sole pos = -0.503053  -0.391638 0.00275708
EE active = r_sole rot =           1 -0.000551803  0.000154922
 0.000551628     0.999999   0.00112818
-0.000155544   -0.0011281     0.999999
--------------- GS SUCCESS ---------------
rError = 0 0 0
nError = 0 0 0
-F.dot(n) = -244.863
(F-(n.dot(F))*n).norm() - mu*(F.dot(n)) = -63.8324
rError = 0 0 0
nError = 0 0 0
-F.dot(n) = -147.108
(F-(n.dot(F))*n).norm() - mu*(F.dot(n)) = -23.4007
rError = 0 0 0
nError = 0 0 0
-F.dot(n) = -256.736
(F-(n.dot(F))*n).norm() - mu*(F.dot(n)) = -10.8777
rError = 0 0 0
nError = 0 0 0
-F.dot(n) = -200.544
(F-(n.dot(F))*n).norm() - mu*(F.dot(n)) = -53.8975
F_sumError =            0  7.10543e-15 -1.13687e-13
Torque_sumError =   1.5099e-14            0 -2.13163e-14
--------------- CPL SUCCESS ---------------
EE(stance) =
 TCP_L pos =         -1           0           0    0.694703
          0           1           0    0.403717
          0           0          -1 0.000152447
          0           0           0           1
EE(stance) =
 l_sole pos =          1           0           0   -0.505162
          0           1           0    0.205912
          0           0           1 -0.00404633
          0           0           0           1
EE(stance) =
 r_sole pos =         1          0          0  -0.503075
         0          1          0  -0.392548
         0          0          1 0.00282993
         0          0          0          1
EE(stance) =
 TCP_R pos =   0    0    1    1
   0    1    0 -0.4
   1    0    0  0.7
   0    0    0    1
EE active = Com pos =0.0680117 0.0467621  0.422163
EE active = Com rot =1 0 0
0 1 0
0 0 1
EE active = TCP_L pos =   0.694143    0.403779 0.000358224
EE active = TCP_L rot =  -0.972393  0.00022846    0.233348
-0.00304358    0.999902   -0.013662
  -0.233328   -0.013995   -0.972297
EE active = TCP_R pos = 0.670248 -0.563293 0.0136557
EE active = TCP_R rot =-0.906255  0.112809  0.407401
-0.273353  0.578752 -0.768326
-0.322458 -0.807664  -0.49366
EE active = l_sole pos =  -0.505227    0.206051 -0.00408484
EE active = l_sole rot =           1  4.37029e-06 -6.36221e-06
-4.37019e-06            1  1.57783e-05
 6.36228e-06 -1.57783e-05            1
EE active = r_sole pos = -0.503053  -0.391638 0.00275708
EE active = r_sole rot =           1 -0.000551803  0.000154922
 0.000551628     0.999999   0.00112818
-0.000155544   -0.0011281     0.999999
--------------- GS_COM SUCCESS ---------------
j = 13 qListVertex.size() = 1
VERTEX # = 7
L_HAND =    0.694703    0.403717 0.000152046
R_HAND =    1 -0.4  0.7
L_FOOT =   -0.505162    0.205912 -0.00404652
R_FOOT =  -0.503075  -0.392548 0.00282974
j = 14
+++++++++++++++++++++++++++++ EXPLOITATION +++++++++++++++++++++++++++++
iNear = 7
pk = 0
activeEEsNear.size() = 4
0
4
5
1
REMOVING A CONTACT
activeEEsDes.size() = 3
EE(stance) =
 l_sole pos =          1           0           0   -0.505162
          0           1           0    0.205912
          0           0           1 -0.00404633
          0           0           0           1
EE(stance) =
 r_sole pos =         1          0          0  -0.503075
         0          1          0  -0.392548
         0          0          1 0.00282993
         0          0          0          1
EE(stance) =
 TCP_R pos =   0    0    1    1
   0    1    0 -0.4
   1    0    0  0.7
   0    0    0    1
EE inactive = TCP_L pos =   0.694703    0.403717 0.000152046
EE inactive = TCP_L rot =          -1 -8.74953e-07  9.99527e-05
-8.78142e-07            1 -3.19027e-05
-9.99526e-05 -3.19028e-05           -1
EE active = TCP_R pos =   1 -0.4  0.7
EE active = TCP_R rot =-9.10047e-05 -6.73185e-05            1
 5.36572e-07           -1 -6.73184e-05
           1  5.30446e-07  9.10048e-05
EE active = l_sole pos =  -0.505162    0.205912 -0.00404652
EE active = l_sole rot =           1  6.97534e-09 -1.04421e-08
-6.97534e-09            1  4.57178e-09
 1.04421e-08 -4.57178e-09            1
EE active = r_sole pos = -0.503075  -0.392548 0.00282974
EE active = r_sole rot =           1 -9.31067e-10 -1.27517e-08
 9.31067e-10            1  8.57139e-10
 1.27517e-08 -8.57139e-10            1
--------------- GS SUCCESS ---------------
rError = 0 0 0
nError = 0 0 0
-F.dot(n) = -472.984
(F-(n.dot(F))*n).norm() - mu*(F.dot(n)) = -9.91391e-07
rError = 0 0 0
nError = 0 0 0
-F.dot(n) = -66.8593
(F-(n.dot(F))*n).norm() - mu*(F.dot(n)) = -2.00356e-05
rError = 0 0 0
nError = 0 0 0
-F.dot(n) = -254.348
(F-(n.dot(F))*n).norm() - mu*(F.dot(n)) = -4.98272e-06
F_sumError =            0 -1.42109e-14  1.13687e-13
Torque_sumError =  2.13163e-14  8.52651e-14 -2.84217e-14
--------------- CPL SUCCESS ---------------
EE(stance) =
 l_sole pos =          1           0           0   -0.505162
          0           1           0    0.205912
          0           0           1 -0.00404633
          0           0           0           1
EE(stance) =
 r_sole pos =         1          0          0  -0.503075
         0          1          0  -0.392548
         0          0          1 0.00282993
         0          0          0          1
EE(stance) =
 TCP_R pos =   0    0    1    1
   0    1    0 -0.4
   1    0    0  0.7
   0    0    0    1
EE active = Com pos =  0.140196 0.00912509   0.417737
EE active = Com rot =1 0 0
0 1 0
0 0 1
EE inactive = TCP_L pos =   0.694703    0.403717 0.000152046
EE inactive = TCP_L rot =          -1 -8.74953e-07  9.99527e-05
-8.78142e-07            1 -3.19027e-05
-9.99526e-05 -3.19028e-05           -1
EE active = TCP_R pos =   1 -0.4  0.7
EE active = TCP_R rot =-9.10047e-05 -6.73185e-05            1
 5.36572e-07           -1 -6.73184e-05
           1  5.30446e-07  9.10048e-05
EE active = l_sole pos =  -0.505162    0.205912 -0.00404652
EE active = l_sole rot =           1  6.97534e-09 -1.04421e-08
-6.97534e-09            1  4.57178e-09
 1.04421e-08 -4.57178e-09            1
EE active = r_sole pos = -0.503075  -0.392548 0.00282974
EE active = r_sole rot =           1 -9.31067e-10 -1.27517e-08
 9.31067e-10            1  8.57139e-10
 1.27517e-08 -8.57139e-10            1
--------------- GS_COM FAIL ---------------
j = 14 qListVertex.size() = 0
j = 15
+++++++++++++++++++++++++++++ EXPLOITATION +++++++++++++++++++++++++++++
iNear = 7
pk = 0
activeEEsNear.size() = 4
0
4
5
1
REMOVING A CONTACT
activeEEsDes.size() = 3
EE(stance) =
 l_sole pos =          1           0           0   -0.505162
          0           1           0    0.205912
          0           0           1 -0.00404633
          0           0           0           1
EE(stance) =
 r_sole pos =         1          0          0  -0.503075
         0          1          0  -0.392548
         0          0          1 0.00282993
