rError = 0 0 0
nError = 0 0 0
-F.dot(n) = -190.407
(F-(n.dot(F))*n).norm() - mu*(F.dot(n)) = -78.8918
rError = 0 0 0
nError = 0 0 0
-F.dot(n) = -139.78
(F-(n.dot(F))*n).norm() - mu*(F.dot(n)) = -49.2773
rError = 0 0 0
nError = 0 0 0
-F.dot(n) = -182.221
(F-(n.dot(F))*n).norm() - mu*(F.dot(n)) = -71.6287
rError = 0 0 0
nError = 0 0 0
-F.dot(n) = -117.89
(F-(n.dot(F))*n).norm() - mu*(F.dot(n)) = -33.9593
F_sumError =           0           0 1.13687e-13
Torque_sumError =  7.10543e-15  1.42109e-14 -1.77636e-15
rError = 0 0 0
nError = 0 0 0
-F.dot(n) = -98.8709
(F-(n.dot(F))*n).norm() - mu*(F.dot(n)) = -11.2096
rError = 0 0 0
nError = 0 0 0
-F.dot(n) = -80.334
(F-(n.dot(F))*n).norm() - mu*(F.dot(n)) = -6.52078
rError = 0 0 0
nError = 0 0 0
-F.dot(n) = -284.962
(F-(n.dot(F))*n).norm() - mu*(F.dot(n)) = -13.8454
rError = 0 0 0
nError = 0 0 0
-F.dot(n) = -335.259
(F-(n.dot(F))*n).norm() - mu*(F.dot(n)) = -41.6111
F_sumError =            0 -1.42109e-14            0
Torque_sumError =  2.13163e-14            0 -3.55271e-15
********************************* PLANNING STARTED *********************************
j = 0
+++++++++++++++++++++++++++++ EXPLOITATION +++++++++++++++++++++++++++++
iNear = 0
pk = 1
activeEEsNear.size() = 4
0
1
4
5
REMOVING A CONTACT
activeEEsDes.size() = 3
EE(stance) =
 TCP_L pos =         -1           0           0    0.694703
          0           1           0    0.403717
          0           0          -1 0.000152447
          0           0           0           1
EE(stance) =
 l_sole pos =          1           0           0   -0.505162
          0           1           0    0.205912
          0           0           1 -0.00404633
          0           0           0           1
EE(stance) =
 r_sole pos =         1          0          0  -0.503075
         0          1          0  -0.392548
         0          0          1 0.00282993
         0          0          0          1
EE active = TCP_L pos =   0.694703    0.403717 0.000152447
EE active = TCP_L rot =   -0.999995 -0.000315371   0.00306859
-0.000318792     0.999999  -0.00111447
 -0.00306823  -0.00111544    -0.999995
EE inactive = TCP_R pos = 0.671473   -0.5655 0.0125641
EE inactive = TCP_R rot =   -0.999968   0.00508791   0.00621889
  0.00508602     0.999987   -0.0003201
 -0.00622044 -0.000288461    -0.999981
EE active = l_sole pos =  -0.505162    0.205912 -0.00404633
EE active = l_sole rot =           1 -1.09359e-05 -0.000688287
 1.14231e-05            1  0.000707762
 0.000688279  -0.00070777            1
EE active = r_sole pos = -0.503075  -0.392548 0.00282993
EE active = r_sole rot =    0.999999  -0.00138884 -6.32498e-05
  0.00138905     0.999993   0.00353121
  5.8345e-05   -0.0035313     0.999994
--------------- GS SUCCESS ---------------
rError = 0 0 0
nError = 0 0 0
-F.dot(n) = -300.041
(F-(n.dot(F))*n).norm() - mu*(F.dot(n)) = -132.97
rError = 0 0 0
nError = 0 0 0
-F.dot(n) = -65
(F-(n.dot(F))*n).norm() - mu*(F.dot(n)) = -1.05022e-06
rError = 0 0 0
nError = 0 0 0
-F.dot(n) = -265.256
(F-(n.dot(F))*n).norm() - mu*(F.dot(n)) = -98.9601
F_sumError = -4.44089e-16            0  1.13687e-13
Torque_sumError =  2.84217e-14  8.52651e-14 -3.55271e-15
--------------- CPL SUCCESS ---------------
EE(stance) =
 TCP_L pos =         -1           0           0    0.694703
          0           1           0    0.403717
          0           0          -1 0.000152447
          0           0           0           1
EE(stance) =
 l_sole pos =          1           0           0   -0.505162
          0           1           0    0.205912
          0           0           1 -0.00404633
          0           0           0           1
EE(stance) =
 r_sole pos =         1          0          0  -0.503075
         0          1          0  -0.392548
         0          0          1 0.00282993
         0          0          0          1
EE active = Com pos =    0.1075 -0.0120862   0.421452
EE active = Com rot =1 0 0
0 1 0
0 0 1
EE active = TCP_L pos =   0.694703    0.403717 0.000152447
EE active = TCP_L rot =   -0.999995 -0.000315371   0.00306859
-0.000318792     0.999999  -0.00111447
 -0.00306823  -0.00111544    -0.999995
EE inactive = TCP_R pos = 0.671473   -0.5655 0.0125641
EE inactive = TCP_R rot =   -0.999968   0.00508791   0.00621889
  0.00508602     0.999987   -0.0003201
 -0.00622044 -0.000288461    -0.999981
EE active = l_sole pos =  -0.505162    0.205912 -0.00404633
EE active = l_sole rot =           1 -1.09359e-05 -0.000688287
 1.14231e-05            1  0.000707762
 0.000688279  -0.00070777            1
EE active = r_sole pos = -0.503075  -0.392548 0.00282993
EE active = r_sole rot =    0.999999  -0.00138884 -6.32498e-05
  0.00138905     0.999993   0.00353121
  5.8345e-05   -0.0035313     0.999994
--------------- GS_COM SUCCESS ---------------
j = 0 qListVertex.size() = 1
VERTEX # = 1
L_HAND =    0.69432   0.403855 0.00029367
R_HAND =  0.670955 -0.564676 0.0129102
L_FOOT =   -0.505245     0.20611 -0.00405443
R_FOOT =  -0.503081  -0.391614 0.00280297
j = 1
+++++++++++++++++++++++++++++ EXPLOITATION +++++++++++++++++++++++++++++
iNear = 1
pk = 1
activeEEsNear.size() = 3
0
4
5
ADDING A CONTACT
activeEEsDes.size() = 4
EE(stance) =
 TCP_L pos =         -1           0           0    0.694703
          0           1           0    0.403717
          0           0          -1 0.000152447
          0           0           0           1
EE(stance) =
 l_sole pos =          1           0           0   -0.505162
          0           1           0    0.205912
          0           0           1 -0.00404633
          0           0           0           1
EE(stance) =
 r_sole pos =         1          0          0  -0.503075
         0          1          0  -0.392548
         0          0          1 0.00282993
         0          0          0          1
EE(stance) =
 TCP_R pos =   0    0    1    1
   0    1    0 -0.4
   1    0    0  0.7
   0    0    0    1
EE active = TCP_L pos =   0.69432   0.403855 0.00029367
EE active = TCP_L rot =  -0.986715  0.00355736    0.162423
-0.00324302     0.99913  -0.0415839
   -0.16243  -0.0415582   -0.985845
EE active = TCP_R pos = 0.670955 -0.564676 0.0129102
EE active = TCP_R rot = -0.979048  0.0358954   0.200442
-0.0254949   0.954987  -0.295549
 -0.202028  -0.294467  -0.934063
EE active = l_sole pos =  -0.505245     0.20611 -0.00405443
EE active = l_sole rot =           1  7.60061e-06 -8.80374e-06
-7.60042e-06            1  2.18154e-05
 8.80391e-06 -2.18153e-05            1
EE active = r_sole pos = -0.503081  -0.391614 0.00280297
EE active = r_sole rot =           1 -0.000511294  0.000138665
 0.000511142     0.999999   0.00109213
-0.000139224  -0.00109206     0.999999
--------------- GS SUCCESS ---------------
rError = 0 0 0
nError = 0 0 0
-F.dot(n) = -196.413
(F-(n.dot(F))*n).norm() - mu*(F.dot(n)) = -41.8057
rError = 0 0 0
nError = 0 0 0
-F.dot(n) = -158.431
(F-(n.dot(F))*n).norm() - mu*(F.dot(n)) = -40.0338
rError = 0 0 0
nError = 0 0 0
-F.dot(n) = -260.153
(F-(n.dot(F))*n).norm() - mu*(F.dot(n)) = -24.8798
rError = 0 0 0
nError = 0 0 0
-F.dot(n) = -172.757
(F-(n.dot(F))*n).norm() - mu*(F.dot(n)) = -71.0296
F_sumError =            0 -1.77636e-15            0
Torque_sumError =  8.88178e-15 -1.42109e-14            0
--------------- CPL SUCCESS ---------------
EE(stance) =
 TCP_L pos =         -1           0           0    0.694703
          0           1           0    0.403717
          0           0          -1 0.000152447
          0           0           0           1
EE(stance) =
 l_sole pos =          1           0           0   -0.505162
          0           1           0    0.205912
          0           0           1 -0.00404633
          0           0           0           1
EE(stance) =
 r_sole pos =         1          0          0  -0.503075
         0          1          0  -0.392548
         0          0          1 0.00282993
         0          0          0          1
EE(stance) =
 TCP_R pos =   0    0    1    1
   0    1    0 -0.4
   1    0    0  0.7
   0    0    0    1
EE active = Com pos =0.0768961 0.0271917  0.418895
EE active = Com rot =1 0 0
0 1 0
0 0 1
EE active = TCP_L pos =   0.69432   0.403855 0.00029367
EE active = TCP_L rot =  -0.986715  0.00355736    0.162423
-0.00324302     0.99913  -0.0415839
   -0.16243  -0.0415582   -0.985845
EE active = TCP_R pos = 0.670955 -0.564676 0.0129102
EE active = TCP_R rot = -0.979048  0.0358954   0.200442
-0.0254949   0.954987  -0.295549
 -0.202028  -0.294467  -0.934063
EE active = l_sole pos =  -0.505245     0.20611 -0.00405443
EE active = l_sole rot =           1  7.60061e-06 -8.80374e-06
-7.60042e-06            1  2.18154e-05
 8.80391e-06 -2.18153e-05            1
EE active = r_sole pos = -0.503081  -0.391614 0.00280297
EE active = r_sole rot =           1 -0.000511294  0.000138665
 0.000511142     0.999999   0.00109213
-0.000139224  -0.00109206     0.999999
--------------- GS_COM SUCCESS ---------------
j = 1 qListVertex.size() = 1
VERTEX # = 2
L_HAND =     0.69469    0.403709 0.000156884
R_HAND =         1 -0.400004  0.699999
L_FOOT =   -0.505166    0.205911 -0.00405169
R_FOOT =  -0.50308 -0.392551 0.0028243
j = 2
+++++++++++++++++++++++++++++ EXPLOITATION +++++++++++++++++++++++++++++
iNear = 0
pk = 0
activeEEsNear.size() = 4
0
1
4
5
REMOVING A CONTACT
activeEEsDes.size() = 3
EE(stance) =
 TCP_R pos =       -1         0         0  0.671473
        0         1         0   -0.5655
        0         0        -1 0.0125641
        0         0         0         1
EE(stance) =
 l_sole pos =          1           0           0   -0.505162
          0           1           0    0.205912
          0           0           1 -0.00404633
          0           0           0           1
EE(stance) =
 r_sole pos =         1          0          0  -0.503075
         0          1          0  -0.392548
         0          0          1 0.00282993
         0          0          0          1
EE inactive = TCP_L pos =   0.694703    0.403717 0.000152447
EE inactive = TCP_L rot =   -0.999995 -0.000315371   0.00306859
-0.000318792     0.999999  -0.00111447
 -0.00306823  -0.00111544    -0.999995
EE active = TCP_R pos = 0.671473   -0.5655 0.0125641
EE active = TCP_R rot =   -0.999968   0.00508791   0.00621889
  0.00508602     0.999987   -0.0003201
 -0.00622044 -0.000288461    -0.999981
EE active = l_sole pos =  -0.505162    0.205912 -0.00404633
EE active = l_sole rot =           1 -1.09359e-05 -0.000688287
 1.14231e-05            1  0.000707762
 0.000688279  -0.00070777            1
EE active = r_sole pos = -0.503075  -0.392548 0.00282993
EE active = r_sole rot =    0.999999  -0.00138884 -6.32498e-05
  0.00138905     0.999993   0.00353121
  5.8345e-05   -0.0035313     0.999994
--------------- GS SUCCESS ---------------
rError = 0 0 0
nError = 0 0 0
-F.dot(n) = -269.6
(F-(n.dot(F))*n).norm() - mu*(F.dot(n)) = -40.5086
rError = 0 0 0
nError = 0 0 0
-F.dot(n) = -295.697
(F-(n.dot(F))*n).norm() - mu*(F.dot(n)) = -22.9338
rError = 0 0 0
nError = 0 0 0
-F.dot(n) = -65
(F-(n.dot(F))*n).norm() - mu*(F.dot(n)) = 3.87883e-05
F_sumError =  1.06581e-14 -7.10543e-15 -1.13687e-13
Torque_sumError = -3.19744e-14 -5.68434e-14  3.55271e-15
--------------- CPL SUCCESS ---------------
EE(stance) =
 TCP_R pos =       -1         0         0  0.671473
        0         1         0   -0.5655
        0         0        -1 0.0125641
        0         0         0         1
EE(stance) =
 l_sole pos =          1           0           0   -0.505162
          0           1           0    0.205912
          0           0           1 -0.00404633
          0           0           0           1
EE(stance) =
 r_sole pos =         1          0          0  -0.503075
         0          1          0  -0.392548
         0          0          1 0.00282993
         0          0          0          1
EE active = Com pos =    0.1075 -0.0120862   0.421452
EE active = Com rot =1 0 0
0 1 0
0 0 1
EE inactive = TCP_L pos =   0.694703    0.403717 0.000152447
EE inactive = TCP_L rot =   -0.999995 -0.000315371   0.00306859
-0.000318792     0.999999  -0.00111447
 -0.00306823  -0.00111544    -0.999995
EE active = TCP_R pos = 0.671473   -0.5655 0.0125641
EE active = TCP_R rot =   -0.999968   0.00508791   0.00621889
  0.00508602     0.999987   -0.0003201
 -0.00622044 -0.000288461    -0.999981
EE active = l_sole pos =  -0.505162    0.205912 -0.00404633
EE active = l_sole rot =           1 -1.09359e-05 -0.000688287
 1.14231e-05            1  0.000707762
 0.000688279  -0.00070777            1
EE active = r_sole pos = -0.503075  -0.392548 0.00282993
EE active = r_sole rot =    0.999999  -0.00138884 -6.32498e-05
  0.00138905     0.999993   0.00353121
  5.8345e-05   -0.0035313     0.999994
--------------- GS_COM SUCCESS ---------------
j = 2 qListVertex.size() = 1
VERTEX # = 3
L_HAND =   0.692691   0.402359 0.00118924
R_HAND =  0.670964 -0.565583 0.0124497
L_FOOT =   -0.506589      0.2059 -0.00506306
R_FOOT = -0.504093 -0.392439 0.0019062
j = 3
+++++++++++++++++++++++++++++ EXPLOITATION +++++++++++++++++++++++++++++
iNear = 1
pk = 1
activeEEsNear.size() = 3
0
4
5
ADDING A CONTACT
activeEEsDes.size() = 4
j = 4
+++++++++++++++++++++++++++++ EXPLOITATION +++++++++++++++++++++++++++++
iNear = 1
pk = 1
activeEEsNear.size() = 3
0
4
5
ADDING A CONTACT
activeEEsDes.size() = 4
j = 5
+++++++++++++++++++++++++++++ EXPLOITATION +++++++++++++++++++++++++++++
iNear = 0
pk = 4
activeEEsNear.size() = 4
0
1
4
5
REMOVING A CONTACT
activeEEsDes.size() = 3
EE(stance) =
 TCP_L pos =         -1           0           0    0.694703
          0           1           0    0.403717
          0           0          -1 0.000152447
          0           0           0           1
EE(stance) =
 TCP_R pos =       -1         0         0  0.671473
        0         1         0   -0.5655
        0         0        -1 0.0125641
        0         0         0         1
EE(stance) =
 r_sole pos =         1          0          0  -0.503075
         0          1          0  -0.392548
         0          0          1 0.00282993
         0          0          0          1
EE active = TCP_L pos =   0.694703    0.403717 0.000152447
EE active = TCP_L rot =   -0.999995 -0.000315371   0.00306859
-0.000318792     0.999999  -0.00111447
 -0.00306823  -0.00111544    -0.999995
EE active = TCP_R pos = 0.671473   -0.5655 0.0125641
EE active = TCP_R rot =   -0.999968   0.00508791   0.00621889
  0.00508602     0.999987   -0.0003201
 -0.00622044 -0.000288461    -0.999981
EE inactive = l_sole pos =  -0.505162    0.205912 -0.00404633
EE inactive = l_sole rot =           1 -1.09359e-05 -0.000688287
 1.14231e-05            1  0.000707762
 0.000688279  -0.00070777            1
EE active = r_sole pos = -0.503075  -0.392548 0.00282993
EE active = r_sole rot =    0.999999  -0.00138884 -6.32498e-05
  0.00138905     0.999993   0.00353121
  5.8345e-05   -0.0035313     0.999994
--------------- GS SUCCESS ---------------
rError = 0 0 0
nError = 0 0 0
-F.dot(n) = -303.951
(F-(n.dot(F))*n).norm() - mu*(F.dot(n)) = -149.413
rError = 0 0 0
nError = 0 0 0
-F.dot(n) = -18.0226
(F-(n.dot(F))*n).norm() - mu*(F.dot(n)) = -6.1095
rError = 0 0 0
nError = 0 0 0
-F.dot(n) = -308.324
(F-(n.dot(F))*n).norm() - mu*(F.dot(n)) = -152.82
F_sumError = -7.99361e-15  1.02141e-14  1.13687e-13
Torque_sumError = 1.42109e-14 2.84217e-14 1.14353e-14
--------------- CPL SUCCESS ---------------
EE(stance) =
 TCP_L pos =         -1           0           0    0.694703
          0           1           0    0.403717
          0           0          -1 0.000152447
          0           0           0           1
EE(stance) =
 TCP_R pos =       -1         0         0  0.671473
        0         1         0   -0.5655
        0         0        -1 0.0125641
        0         0         0         1
EE(stance) =
 r_sole pos =         1          0          0  -0.503075
         0          1          0  -0.392548
         0          0          1 0.00282993
         0          0          0          1
EE active = Com pos =    0.1075 -0.0120862   0.421452
EE active = Com rot =1 0 0
0 1 0
0 0 1
EE active = TCP_L pos =   0.694703    0.403717 0.000152447
EE active = TCP_L rot =   -0.999995 -0.000315371   0.00306859
-0.000318792     0.999999  -0.00111447
 -0.00306823  -0.00111544    -0.999995
EE active = TCP_R pos = 0.671473   -0.5655 0.0125641
EE active = TCP_R rot =   -0.999968   0.00508791   0.00621889
  0.00508602     0.999987   -0.0003201
 -0.00622044 -0.000288461    -0.999981
EE inactive = l_sole pos =  -0.505162    0.205912 -0.00404633
EE inactive = l_sole rot =           1 -1.09359e-05 -0.000688287
 1.14231e-05            1  0.000707762
 0.000688279  -0.00070777            1
EE active = r_sole pos = -0.503075  -0.392548 0.00282993
EE active = r_sole rot =    0.999999  -0.00138884 -6.32498e-05
  0.00138905     0.999993   0.00353121
  5.8345e-05   -0.0035313     0.999994
--------------- GS_COM SUCCESS ---------------
j = 5 qListVertex.size() = 1
VERTEX # = 4
L_HAND =    0.694703    0.403717 0.000152551
R_HAND =  0.671473 -0.565499 0.0125643
L_FOOT =   -0.505162    0.205912 -0.00404602
R_FOOT =  -0.503075  -0.392548 0.00282995
j = 6
+++++++++++++++++++++++++++++ EXPLOITATION +++++++++++++++++++++++++++++
iNear = 0
pk = 0
activeEEsNear.size() = 4
0
1
4
5
REMOVING A CONTACT
activeEEsDes.size() = 3
j = 7
+++++++++++++++++++++++++++++ EXPLOITATION +++++++++++++++++++++++++++++
iNear = 2
pk = 5
activeEEsNear.size() = 4
0
4
5
1
REMOVING A CONTACT
activeEEsDes.size() = 3
EE(stance) =
 TCP_L pos =         -1           0           0    0.694703
          0           1           0    0.403717
          0           0          -1 0.000152447
          0           0           0           1
EE(stance) =
 l_sole pos =          1           0           0   -0.505162
          0           1           0    0.205912
          0           0           1 -0.00404633
          0           0           0           1
EE(stance) =
 TCP_R pos =   0    0    1    1
   0    1    0 -0.4
   1    0    0  0.7
   0    0    0    1
EE active = TCP_L pos =    0.69469    0.403709 0.000156884
EE active = TCP_L rot =   -0.999979 -2.65433e-05   0.00643442
-3.63476e-06     0.999994   0.00356029
 -0.00643448   0.00356019    -0.999973
EE active = TCP_R pos =        1 -0.400004  0.699999
EE active = TCP_R rot =-0.000683933    0.0015771     0.999999
  2.8255e-06    -0.999999    0.0015771
           1  3.90413e-06  0.000683928
EE active = l_sole pos =  -0.505166    0.205911 -0.00405169
EE active = l_sole rot =           1 -6.52709e-08   -4.588e-07
 6.52708e-08            1 -1.40904e-07
   4.588e-07  1.40904e-07            1
EE inactive = r_sole pos = -0.50308 -0.392551 0.0028243
EE inactive = r_sole rot =           1 -4.54611e-07 -6.03563e-07
 4.54611e-07            1 -3.09538e-07
 6.03563e-07  3.09538e-07            1
--------------- GS SUCCESS ---------------
rError = 0 0 0
nError = 0 0 0
-F.dot(n) = -81.7314
(F-(n.dot(F))*n).norm() - mu*(F.dot(n)) = 1.22389e-05
rError = 0 0 0
nError = 0 0 0
-F.dot(n) = -473.837
(F-(n.dot(F))*n).norm() - mu*(F.dot(n)) = -1.85273e-07
rError = 0 0 0
nError = 0 0 0
-F.dot(n) = -251.249
(F-(n.dot(F))*n).norm() - mu*(F.dot(n)) = 6.64225e-06
F_sumError = -2.84217e-14            0            0
Torque_sumError =  2.13163e-14 -1.42109e-14 -2.13163e-14
--------------- CPL SUCCESS ---------------
EE(stance) =
 TCP_L pos =         -1           0           0    0.694703
          0           1           0    0.403717
          0           0          -1 0.000152447
          0           0           0           1
EE(stance) =
 l_sole pos =          1           0           0   -0.505162
          0           1           0    0.205912
          0           0           1 -0.00404633
          0           0           0           1
EE(stance) =
 TCP_R pos =   0    0    1    1
   0    1    0 -0.4
   1    0    0  0.7
   0    0    0    1
EE active = Com pos = 0.0979951 0.00738066   0.530842
EE active = Com rot =1 0 0
0 1 0
0 0 1
EE active = TCP_L pos =    0.69469    0.403709 0.000156884
EE active = TCP_L rot =   -0.999979 -2.65433e-05   0.00643442
-3.63476e-06     0.999994   0.00356029
 -0.00643448   0.00356019    -0.999973
EE active = TCP_R pos =        1 -0.400004  0.699999
EE active = TCP_R rot =-0.000683933    0.0015771     0.999999
  2.8255e-06    -0.999999    0.0015771
           1  3.90413e-06  0.000683928
EE active = l_sole pos =  -0.505166    0.205911 -0.00405169
EE active = l_sole rot =           1 -6.52709e-08   -4.588e-07
 6.52708e-08            1 -1.40904e-07
   4.588e-07  1.40904e-07            1
EE inactive = r_sole pos = -0.50308 -0.392551 0.0028243
EE inactive = r_sole rot =           1 -4.54611e-07 -6.03563e-07
 4.54611e-07            1 -3.09538e-07
 6.03563e-07  3.09538e-07            1
--------------- GS_COM SUCCESS ---------------
j = 7 qListVertex.size() = 1
VERTEX # = 5
L_HAND =    0.694688    0.403716 0.000156032
R_HAND =  0.999995 -0.399994       0.7
L_FOOT =   -0.505164    0.205916 -0.00404944
R_FOOT =  -0.503076  -0.392524 0.00282068
j = 8
+++++++++++++++++++++++++++++ EXPLOITATION +++++++++++++++++++++++++++++
iNear = 2
pk = 4
activeEEsNear.size() = 4
0
4
5
1
REMOVING A CONTACT
activeEEsDes.size() = 3
EE(stance) =
 TCP_L pos =         -1           0           0    0.694703
          0           1           0    0.403717
          0           0          -1 0.000152447
          0           0           0           1
EE(stance) =
 r_sole pos =         1          0          0  -0.503075
         0          1          0  -0.392548
         0          0          1 0.00282993
         0          0          0          1
EE(stance) =
 TCP_R pos =   0    0    1    1
   0    1    0 -0.4
   1    0    0  0.7
   0    0    0    1
EE active = TCP_L pos =    0.69469    0.403709 0.000156884
EE active = TCP_L rot =   -0.999979 -2.65433e-05   0.00643442
-3.63476e-06     0.999994   0.00356029
 -0.00643448   0.00356019    -0.999973
EE active = TCP_R pos =        1 -0.400004  0.699999
EE active = TCP_R rot =-0.000683933    0.0015771     0.999999
  2.8255e-06    -0.999999    0.0015771
           1  3.90413e-06  0.000683928
EE inactive = l_sole pos =  -0.505166    0.205911 -0.00405169
EE inactive = l_sole rot =           1 -6.52709e-08   -4.588e-07
 6.52708e-08            1 -1.40904e-07
   4.588e-07  1.40904e-07            1
EE active = r_sole pos = -0.50308 -0.392551 0.0028243
EE active = r_sole rot =           1 -4.54611e-07 -6.03563e-07
 4.54611e-07            1 -3.09538e-07
 6.03563e-07  3.09538e-07            1
--------------- GS SUCCESS ---------------
rError = 0 0 0
nError = 0 0 0
-F.dot(n) = -307.529
(F-(n.dot(F))*n).norm() - mu*(F.dot(n)) = -24.7964
rError = 0 0 0
nError = 0 0 0
-F.dot(n) = -442.79
(F-(n.dot(F))*n).norm() - mu*(F.dot(n)) = -4.43165
rError = 0 0 0
nError = 0 0 0
-F.dot(n) = -284.588
(F-(n.dot(F))*n).norm() - mu*(F.dot(n)) = -15.7215
F_sumError =            0 -7.10543e-15            0
Torque_sumError =  2.84217e-14 -6.39488e-14            0
--------------- CPL SUCCESS ---------------
EE(stance) =
 TCP_L pos =         -1           0           0    0.694703
          0           1           0    0.403717
          0           0          -1 0.000152447
          0           0           0           1
EE(stance) =
 r_sole pos =         1          0          0  -0.503075
         0          1          0  -0.392548
         0          0          1 0.00282993
         0          0          0          1
EE(stance) =
 TCP_R pos =   0    0    1    1
   0    1    0 -0.4
   1    0    0  0.7
   0    0    0    1
EE active = Com pos = 0.0979951 0.00738066   0.530842
EE active = Com rot =1 0 0
0 1 0
0 0 1
EE active = TCP_L pos =    0.69469    0.403709 0.000156884
EE active = TCP_L rot =   -0.999979 -2.65433e-05   0.00643442
-3.63476e-06     0.999994   0.00356029
 -0.00643448   0.00356019    -0.999973
EE active = TCP_R pos =        1 -0.400004  0.699999
EE active = TCP_R rot =-0.000683933    0.0015771     0.999999
  2.8255e-06    -0.999999    0.0015771
           1  3.90413e-06  0.000683928
EE inactive = l_sole pos =  -0.505166    0.205911 -0.00405169
EE inactive = l_sole rot =           1 -6.52709e-08   -4.588e-07
 6.52708e-08            1 -1.40904e-07
   4.588e-07  1.40904e-07            1
EE active = r_sole pos = -0.50308 -0.392551 0.0028243
EE active = r_sole rot =           1 -4.54611e-07 -6.03563e-07
 4.54611e-07            1 -3.09538e-07
 6.03563e-07  3.09538e-07            1
--------------- GS_COM SUCCESS ---------------
j = 8 qListVertex.size() = 1
VERTEX # = 6
L_HAND =    0.694703    0.403717 0.000152404
R_HAND =    1 -0.4  0.7
L_FOOT =   -0.505166    0.205911 -0.00405166
R_FOOT =  -0.503075  -0.392548 0.00282999
j = 9
+++++++++++++++++++++++++++++ EXPLOITATION +++++++++++++++++++++++++++++
iNear = 2
pk = 5
activeEEsNear.size() = 4
0
4
5
1
REMOVING A CONTACT
activeEEsDes.size() = 3
j = 10
+++++++++++++++++++++++++++++ EXPLOITATION +++++++++++++++++++++++++++++
iNear = 2
pk = 1
activeEEsNear.size() = 4
0
4
5
1
REMOVING A CONTACT
activeEEsDes.size() = 3
j = 11
+++++++++++++++++++++++++++++ EXPLOITATION +++++++++++++++++++++++++++++
iNear = 4
pk = 4
activeEEsNear.size() = 3
0
1
5
ADDING A CONTACT
activeEEsDes.size() = 4
EE(stance) =
 TCP_L pos =         -1           0           0    0.694703
          0           1           0    0.403717
          0           0          -1 0.000152447
          0           0           0           1
EE(stance) =
 TCP_R pos =       -1         0         0  0.671473
        0         1         0   -0.5655
        0         0        -1 0.0125641
        0         0         0         1
EE(stance) =
 r_sole pos =         1          0          0  -0.503075
         0          1          0  -0.392548
         0          0          1 0.00282993
         0          0          0          1
EE(stance) =
 l_sole pos =   1    0    0 -0.3
   0    1    0    0
   0    0    1    0
   0    0    0    1
EE active = TCP_L pos =   0.694703    0.403717 0.000152551
EE active = TCP_L rot =          -1 -4.57269e-06 -6.37521e-05
-4.57359e-06            1  1.40366e-05
  6.3752e-05  1.40369e-05           -1
EE active = TCP_R pos = 0.671473 -0.565499 0.0125643
EE active = TCP_R rot =          -1 -6.26574e-06  9.33842e-05
-6.27473e-06            1 -9.61776e-05
-9.33836e-05 -9.61782e-05           -1
EE active = l_sole pos =  -0.505162    0.205912 -0.00404602
EE active = l_sole rot =           1 -1.09222e-05 -0.000688262
 1.14094e-05            1  0.000707752
 0.000688254  -0.00070776            1
EE active = r_sole pos = -0.503075  -0.392548 0.00282995
EE active = r_sole rot =           1  3.20051e-08  1.20574e-09
-3.20051e-08            1 -1.13731e-08
-1.20574e-09  1.13731e-08            1
--------------- GS SUCCESS ---------------
rError = 0 0 0
nError = 0 0 0
-F.dot(n) = -168.642
(F-(n.dot(F))*n).norm() - mu*(F.dot(n)) = -65.6198
rError = 0 0 0
nError = 0 0 0
-F.dot(n) = -134.151
(F-(n.dot(F))*n).norm() - mu*(F.dot(n)) = -53.4396
rError = 0 0 0
nError = 0 0 0
-F.dot(n) = -110.757
(F-(n.dot(F))*n).norm() - mu*(F.dot(n)) = -0.00196865
rError = 0 0 0
nError = 0 0 0
-F.dot(n) = -216.747
(F-(n.dot(F))*n).norm() - mu*(F.dot(n)) = -20.951
F_sumError =           0 1.42109e-14           0
Torque_sumError =            0 -2.84217e-14  7.10543e-15
--------------- CPL SUCCESS ---------------
EE(stance) =
 TCP_L pos =         -1           0           0    0.694703
          0           1           0    0.403717
          0           0          -1 0.000152447
          0           0           0           1
EE(stance) =
 TCP_R pos =       -1         0         0  0.671473
        0         1         0   -0.5655
        0         0        -1 0.0125641
        0         0         0         1
EE(stance) =
 r_sole pos =         1          0          0  -0.503075
         0          1          0  -0.392548
         0          0          1 0.00282993
         0          0          0          1
EE(stance) =
 l_sole pos =   1    0    0 -0.3
   0    1    0    0
   0    0    1    0
   0    0    0    1
EE active = Com pos =  0.108107 -0.0133955   0.422607
EE active = Com rot =1 0 0
0 1 0
0 0 1
EE active = TCP_L pos =   0.694703    0.403717 0.000152551
EE active = TCP_L rot =          -1 -4.57269e-06 -6.37521e-05
-4.57359e-06            1  1.40366e-05
  6.3752e-05  1.40369e-05           -1
EE active = TCP_R pos = 0.671473 -0.565499 0.0125643
EE active = TCP_R rot =          -1 -6.26574e-06  9.33842e-05
-6.27473e-06            1 -9.61776e-05
-9.33836e-05 -9.61782e-05           -1
EE active = l_sole pos =  -0.505162    0.205912 -0.00404602
EE active = l_sole rot =           1 -1.09222e-05 -0.000688262
 1.14094e-05            1  0.000707752
 0.000688254  -0.00070776            1
EE active = r_sole pos = -0.503075  -0.392548 0.00282995
EE active = r_sole rot =           1  3.20051e-08  1.20574e-09
-3.20051e-08            1 -1.13731e-08
-1.20574e-09  1.13731e-08            1
--------------- GS_COM FAIL ---------------
j = 11 qListVertex.size() = 0
j = 12
+++++++++++++++++++++++++++++ EXPLOITATION +++++++++++++++++++++++++++++
iNear = 1
pk = 1
activeEEsNear.size() = 3
0
4
5
ADDING A CONTACT
activeEEsDes.size() = 4
j = 13
+++++++++++++++++++++++++++++ EXPLOITATION +++++++++++++++++++++++++++++
iNear = -1
pk = 1
j = 14
+++++++++++++++++++++++++++++ EXPLOITATION +++++++++++++++++++++++++++++
iNear = 6
pk = 4
activeEEsNear.size() = 3
0
5
1
ADDING A CONTACT
activeEEsDes.size() = 4
EE(stance) =
 TCP_L pos =         -1           0           0    0.694703
          0           1           0    0.403717
          0           0          -1 0.000152447
          0           0           0           1
EE(stance) =
 r_sole pos =         1          0          0  -0.503075
         0          1          0  -0.392548
         0          0          1 0.00282993
         0          0          0          1
EE(stance) =
 TCP_R pos =   0    0    1    1
   0    1    0 -0.4
   1    0    0  0.7
   0    0    0    1
EE(stance) =
 l_sole pos =   1    0    0 -0.3
   0    1    0    0
   0    0    1    0
   0    0    0    1
EE active = TCP_L pos =   0.694703    0.403717 0.000152404
EE active = TCP_L rot =          -1   1.0101e-05 -9.72078e-05
 1.01046e-05            1 -3.70883e-05
 9.72074e-05 -3.70893e-05           -1
EE active = TCP_R pos =   1 -0.4  0.7
EE active = TCP_R rot =-3.70801e-05 -7.47167e-05            1
 1.31964e-05           -1 -7.47162e-05
           1  1.31936e-05  3.70811e-05
EE active = l_sole pos =  -0.505166    0.205911 -0.00405166
EE active = l_sole rot =           1 -6.29422e-08 -4.49988e-07
 6.29421e-08            1 -1.37815e-07
 4.49988e-07  1.37815e-07            1
EE active = r_sole pos = -0.503075  -0.392548 0.00282999
EE active = r_sole rot =           1 -5.33925e-10  9.59533e-09
 5.33925e-10            1  4.84413e-09
-9.59533e-09 -4.84413e-09            1
--------------- GS FAIL ---------------
j = 14 qListVertex.size() = 0
j = 15
+++++++++++++++++++++++++++++ EXPLOITATION +++++++++++++++++++++++++++++
iNear = 3
pk = 0
activeEEsNear.size() = 3
1
4
5
ADDING A CONTACT
activeEEsDes.size() = 4
EE(stance) =
 TCP_R pos =       -1         0         0  0.671473
        0         1         0   -0.5655
        0         0        -1 0.0125641
        0         0         0         1
EE(stance) =
 l_sole pos =          1           0           0   -0.505162
          0           1           0    0.205912
          0           0           1 -0.00404633
          0           0           0           1
EE(stance) =
 r_sole pos =         1          0          0  -0.503075
         0          1          0  -0.392548
         0          0          1 0.00282993
         0          0          0          1
EE(stance) =
 TCP_L pos =  0   0   1   1
  0   1   0 0.2
  1   0   0 0.7
  0   0   0   1
EE active = TCP_L pos =  0.692691   0.402359 0.00118924
EE active = TCP_L rot = -0.880952 -0.0950844   0.463554
 0.0920573   0.926452   0.364983
 -0.464165   0.364206  -0.807407
EE active = TCP_R pos = 0.670964 -0.565583 0.0124497
EE active = TCP_R rot = -0.987358 -0.0195635   0.157294
-0.0236501   0.999429 -0.0241513
 -0.156731  -0.027566  -0.987257
EE active = l_sole pos =  -0.506589      0.2059 -0.00506306
EE active = l_sole rot =           1  0.000332587  -0.00010872
-0.000332593            1 -5.12277e-05
 0.000108703  5.12639e-05            1
EE active = r_sole pos =-0.504093 -0.392439 0.0019062
EE active = r_sole rot =           1 -2.47584e-06 -0.000129613
 2.47823e-06            1  1.84242e-05
 0.000129613 -1.84245e-05            1
--------------- GS SUCCESS ---------------
rError = 0 0 0
nError = 0 0 0
-F.dot(n) = -185.256
(F-(n.dot(F))*n).norm() - mu*(F.dot(n)) = -53.5692
rError = 0 0 0
nError = 0 0 0
-F.dot(n) = -315.572
(F-(n.dot(F))*n).norm() - mu*(F.dot(n)) = -5.09493
rError = 0 0 0
nError = 0 0 0
-F.dot(n) = -78.1738
(F-(n.dot(F))*n).norm() - mu*(F.dot(n)) = -8.52589
rError = 0 0 0
nError = 0 0 0
-F.dot(n) = -213.841
(F-(n.dot(F))*n).norm() - mu*(F.dot(n)) = -40.2977
F_sumError =            0            0 -1.13687e-13
Torque_sumError =  1.06581e-14  4.26326e-14 -3.55271e-15
--------------- CPL SUCCESS ---------------
EE(stance) =
 TCP_R pos =       -1         0         0  0.671473
        0         1         0   -0.5655
        0         0        -1 0.0125641
        0         0         0         1
EE(stance) =
 l_sole pos =          1           0           0   -0.505162
          0           1           0    0.205912
          0           0           1 -0.00404633
          0           0           0           1
EE(stance) =
 r_sole pos =         1          0          0  -0.503075
         0          1          0  -0.392548
         0          0          1 0.00282993
         0          0          0          1
EE(stance) =
 TCP_L pos =  0   0   1   1
  0   1   0 0.2
  1   0   0 0.7
  0   0   0   1
EE active = Com pos =0.0444111 -0.169278  0.433072
EE active = Com rot =1 0 0
0 1 0
0 0 1
EE active = TCP_L pos =  0.692691   0.402359 0.00118924
EE active = TCP_L rot = -0.880952 -0.0950844   0.463554
 0.0920573   0.926452   0.364983
 -0.464165   0.364206  -0.807407
EE active = TCP_R pos = 0.670964 -0.565583 0.0124497
EE active = TCP_R rot = -0.987358 -0.0195635   0.157294
-0.0236501   0.999429 -0.0241513
 -0.156731  -0.027566  -0.987257
EE active = l_sole pos =  -0.506589      0.2059 -0.00506306
EE active = l_sole rot =           1  0.000332587  -0.00010872
-0.000332593            1 -5.12277e-05
 0.000108703  5.12639e-05            1
EE active = r_sole pos =-0.504093 -0.392439 0.0019062
EE active = r_sole rot =           1 -2.47584e-06 -0.000129613
 2.47823e-06            1  1.84242e-05
 0.000129613 -1.84245e-05            1
--------------- GS_COM SUCCESS ---------------
j = 15 qListVertex.size() = 1
VERTEX # = 7
L_HAND =   1 0.2 0.7
R_HAND =  0.671473   -0.5655 0.0125643
L_FOOT =   -0.505162    0.205912 -0.00404611
R_FOOT =  -0.503074  -0.392548 0.00283015
j = 16
+++++++++++++++++++++++++++++ EXPLOITATION +++++++++++++++++++++++++++++
iNear = 7
pk = 1
activeEEsNear.size() = 4
1
4
5
0
REMOVING A CONTACT
activeEEsDes.size() = 3
EE(stance) =
 l_sole pos =          1           0           0   -0.505162
          0           1           0    0.205912
          0           0           1 -0.00404633
          0           0           0           1
EE(stance) =
 r_sole pos =         1          0          0  -0.503075
         0          1          0  -0.392548
         0          0          1 0.00282993
         0          0          0          1
EE(stance) =
 TCP_L pos =  0   0   1   1
  0   1   0 0.2
  1   0   0 0.7
  0   0   0   1
EE active = TCP_L pos =  1 0.2 0.7
EE active = TCP_L rot = 9.41888e-05 -2.21361e-05            1
-2.34624e-05           -1 -2.21339e-05
           1 -2.34603e-05 -9.41893e-05
EE inactive = TCP_R pos = 0.671473   -0.5655 0.0125643
EE inactive = TCP_R rot =          -1  1.63161e-05 -9.37615e-06
 1.63171e-05            1 -9.72015e-05
 9.37457e-06 -9.72017e-05           -1
EE active = l_sole pos =  -0.505162    0.205912 -0.00404611
EE active = l_sole rot =           1 -3.34849e-08  2.48547e-08
 3.34849e-08            1  5.95186e-09
-2.48547e-08 -5.95186e-09            1
EE active = r_sole pos = -0.503074  -0.392548 0.00283015
EE active = r_sole rot =           1   1.8178e-08  1.84205e-08
 -1.8178e-08            1  1.20367e-08
-1.84205e-08 -1.20367e-08            1
--------------- GS SUCCESS ---------------
rError = 0 0 0
nError = 0 0 0
-F.dot(n) = -230.857
(F-(n.dot(F))*n).norm() - mu*(F.dot(n)) = 5.15656e-05
rError = 0 0 0
nError = 0 0 0
-F.dot(n) = -285.518
(F-(n.dot(F))*n).norm() - mu*(F.dot(n)) = 3.97262e-05
rError = 0 0 0
nError = 0 0 0
-F.dot(n) = -252.296
(F-(n.dot(F))*n).norm() - mu*(F.dot(n)) = -9.46605e-07
F_sumError = 0 0 0
Torque_sumError = -1.42109e-14            0            0
--------------- CPL SUCCESS ---------------
EE(stance) =
 l_sole pos =          1           0           0   -0.505162
          0           1           0    0.205912
          0           0           1 -0.00404633
          0           0           0           1
EE(stance) =
 r_sole pos =         1          0          0  -0.503075
         0          1          0  -0.392548
         0          0          1 0.00282993
         0          0          0          1
EE(stance) =
 TCP_L pos =  0   0   1   1
  0   1   0 0.2
  1   0   0 0.7
  0   0   0   1
EE active = Com pos = 0.201059 -0.048706   0.49215
EE active = Com rot =1 0 0
0 1 0
0 0 1
EE active = TCP_L pos =  1 0.2 0.7
EE active = TCP_L rot = 9.41888e-05 -2.21361e-05            1
-2.34624e-05           -1 -2.21339e-05
           1 -2.34603e-05 -9.41893e-05
EE inactive = TCP_R pos = 0.671473   -0.5655 0.0125643
EE inactive = TCP_R rot =          -1  1.63161e-05 -9.37615e-06
 1.63171e-05            1 -9.72015e-05
 9.37457e-06 -9.72017e-05           -1
EE active = l_sole pos =  -0.505162    0.205912 -0.00404611
EE active = l_sole rot =           1 -3.34849e-08  2.48547e-08
 3.34849e-08            1  5.95186e-09
-2.48547e-08 -5.95186e-09            1
EE active = r_sole pos = -0.503074  -0.392548 0.00283015
EE active = r_sole rot =           1   1.8178e-08  1.84205e-08
 -1.8178e-08            1  1.20367e-08
-1.84205e-08 -1.20367e-08            1
--------------- GS_COM SUCCESS ---------------
j = 16 qListVertex.size() = 1
VERTEX # = 8
L_HAND = 0.999339 0.200179 0.699729
R_HAND =  0.670625 -0.564668 0.0128788
L_FOOT =   -0.505435    0.206123 -0.00446904
R_FOOT =  -0.503291  -0.391972 0.00258705
j = 17
+++++++++++++++++++++++++++++ EXPLOITATION +++++++++++++++++++++++++++++
iNear = 7
pk = 4
activeEEsNear.size() = 4
1
4
5
0
REMOVING A CONTACT
activeEEsDes.size() = 3
EE(stance) =
 TCP_R pos =       -1         0         0  0.671473
        0         1         0   -0.5655
        0         0        -1 0.0125641
        0         0         0         1
EE(stance) =
 r_sole pos =         1          0          0  -0.503075
         0          1          0  -0.392548
         0          0          1 0.00282993
         0          0          0          1
EE(stance) =
 TCP_L pos =  0   0   1   1
  0   1   0 0.2
  1   0   0 0.7
  0   0   0   1
EE active = TCP_L pos =  1 0.2 0.7
EE active = TCP_L rot = 9.41888e-05 -2.21361e-05            1
-2.34624e-05           -1 -2.21339e-05
           1 -2.34603e-05 -9.41893e-05
EE active = TCP_R pos = 0.671473   -0.5655 0.0125643
EE active = TCP_R rot =          -1  1.63161e-05 -9.37615e-06
 1.63171e-05            1 -9.72015e-05
 9.37457e-06 -9.72017e-05           -1
EE inactive = l_sole pos =  -0.505162    0.205912 -0.00404611
EE inactive = l_sole rot =           1 -3.34849e-08  2.48547e-08
 3.34849e-08            1  5.95186e-09
-2.48547e-08 -5.95186e-09            1
EE active = r_sole pos = -0.503074  -0.392548 0.00283015
EE active = r_sole rot =           1   1.8178e-08  1.84205e-08
 -1.8178e-08            1  1.20367e-08
-1.84205e-08 -1.20367e-08            1
--------------- GS SUCCESS ---------------
rError = 0 0 0
nError = 0 0 0
-F.dot(n) = -114.541
(F-(n.dot(F))*n).norm() - mu*(F.dot(n)) = 3.1189e-09
rError = 0 0 0
nError = 0 0 0
-F.dot(n) = -441.33
